130 1194 145
998 999 7
685 635 7
1596 1546 8
1982 2032 1
2462 2461 2
2144 2194 8
1566 1616 9
2099 2100 8
1074 1024 7
1327 1377 10
809 859 4
1588 1587 10
1055 1054 10
1498 1448 5
2038 2037 1
675 725 1
1688 1638 7
680 681 10
966 965 10
1014 1013 9
565 564 1
1577 1578 5
1762 1763 2
286 236 1
1207 1157 1
700 650 2
215 165 3
897 896 6
60 61 8
1332 1382 1
681 682 10
980 981 3
292 242 10
1116 1117 3
561 511 8
1449 1499 6
1708 1707 6
1615 1616 2
2144 2094 5
1925 1975 1
2280 2230 10
1778 1777 7
1454 1504 4
135 136 3
120 170 7
2336 2337 4
1736 1686 1
170 220 1
2478 2428 9
1738 1739 2
28 29 5
2162 2212 1
300 350 10
2211 2261 9
630 680 3
2392 2393 1
1209 1208 4
1281 1282 5
1412 1413 9
2317 2316 6
2189 2188 4
2406 2405 9
2226 2227 9
2283 2333 9
273 223 6
404 354 3
1103 1053 9
1939 1940 6
1849 1899 10
1313 1263 3
2439 2489 10
1729 1730 6
2402 2352 2
1626 1676 6
1522 1472 6
1338 1339 9
1144 1143 3
218 219 8
2135 2185 1
2422 2372 6
870 920 10
1526 1476 1
1040 1039 5
2076 2075 4
2388 2387 1
198 248 8
293 243 5
2121 2122 6
32 31 10
399 449 4
1238 1288 9
1521 1520 5
1841 1791 7
1357 1358 3
359 309 5
1798 1748 3
657 707 10
1582 1581 5
990 940 3
1226 1227 1
2326 2276 6
413 414 1
431 432 8
1914 1915 1
1933 1883 4
338 288 4
1081 1080 6
1526 1527 7
2458 2457 8
817 816 4
1443 1442 2
1629 1579 4
718 719 1
107 157 2
1161 1211 5
235 234 2
2303 2253 9
1630 1580 6
1274 1224 2
1522 1523 2
2419 2418 1
2445 2444 7
1991 2041 8
2275 2274 4
916 966 8
1253 1254 7
2408 2407 3
1800 1799 9
972 971 5
2323 2273 5
1364 1365 2
155 205 7
2388 2338 1
18 17 9
1473 1474 10
1909 1910 8
1763 1713 6
101 51 3
2095 2094 9
2134 2084 3
2496 2495 9
495 545 5
2151 2201 9
647 646 9
12 13 5
657 607 4
2483 2482 1
434 484 2
1455 1405 6
1100 1050 5
670 720 3
1013 1012 5
1271 1272 8
223 173 7
1819 1818 3
820 819 1
2346 2347 10
1772 1771 9
1665 1615 3
1973 1923 6
2255 2256 8
547 546 1
1731 1732 1
563 613 10
263 262 2
2249 2250 1
1916 1966 4
1906 1905 1
1726 1776 3
906 905 9
2375 2374 2
1451 1452 3
549 599 8
1407 1408 10
927 977 1
1343 1393 10
2355 2305 10
1598 1597 2
1523 1573 2
793 794 8
2464 2463 7
2373 2374 5
2306 2307 10
937 887 5
392 342 3
1256 1255 2
1315 1365 2
1246 1247 7
1374 1375 1
2360 2361 9
195 245 7
73 23 6
919 918 2
463 462 6
2017 2016 1
742 692 7
611 612 6
591 592 2
1892 1942 4
2483 2433 8
1099 1149 5
2092 2042 8
1855 1905 9
1070 1071 8
269 319 10
2311 2361 3
208 209 3
1995 2045 6
1104 1105 1
1187 1188 10
237 238 2
2335 2385 9
1215 1265 7
585 584 9
1534 1484 1
1850 1849 9
2369 2419 4
888 887 10
1585 1586 5
1519 1469 4
1935 1934 3
1646 1647 6
1610 1609 9
378 379 7
2391 2390 9
153 154 7
731 732 5
1000 950 1
1780 1781 4
328 378 2
552 553 7
1783 1784 10
1802 1803 1
1731 1781 8
2377 2327 1
96 46 7
1000 999 7
309 259 4
732 782 3
1016 1015 9
172 173 10
2439 2438 9
882 932 7
1527 1477 6
54 53 1
1886 1936 9
693 694 7
595 596 1
640 639 2
910 960 3
1097 1096 3
287 288 5
1255 1205 1
124 74 5
756 757 3
912 962 1
1079 1080 9
224 274 10
2251 2301 9
2403 2453 1
1323 1324 4
466 416 10
1578 1577 5
1567 1517 6
2342 2392 3
629 628 8
180 230 3
1003 953 9
2441 2440 2
540 590 4
697 647 8
562 561 7
642 692 9
2191 2190 4
1513 1463 4
1293 1343 10
1795 1745 5
2061 2011 6
1329 1330 5
818 768 10
1397 1396 9
565 615 6
2109 2059 7
1250 1249 7
2203 2253 10
1619 1569 5
202 203 7
1926 1927 9
300 299 2
1385 1386 2
99 49 4
44 45 9
638 639 9
2472 2471 4
960 961 5
442 443 10
904 954 9
1199 1149 2
1523 1524 7
385 386 5
1337 1287 2
1354 1353 1
777 827 9
1626 1625 3
308 309 1
2384 2385 5
1823 1773 10
2440 2439 4
229 228 3
572 622 9
1258 1308 2
637 636 8
1322 1372 3
1220 1270 1
2292 2291 4
2387 2386 8
1891 1890 2
2054 2053 7
204 205 10
1852 1851 4
328 329 2
202 201 5
2114 2064 4
453 454 9
2236 2235 2
95 145 2
1380 1430 5
862 812 5
193 243 3
1291 1290 1
2374 2373 7
1449 1399 10
569 619 1
480 479 3
1650 1700 10
1177 1178 8
1871 1921 10
311 361 1
1348 1347 5
520 470 10
1306 1307 8
62 12 9
2178 2177 7
325 326 1
2378 2428 10
1492 1542 10
1130 1129 8
875 876 7
1822 1772 10
515 516 7
451 401 4
2104 2105 9
1285 1286 6
1655 1605 1
547 497 2
315 265 1
1377 1378 4
1689 1739 8
186 136 10
184 183 4
1546 1545 3
1288 1287 6
1559 1558 7
487 437 8
2418 2468 2
998 997 7
2158 2157 7
1137 1138 6
1641 1640 4
587 637 2
1775 1776 6
1416 1415 3
516 466 2
788 787 3
2031 2030 4
702 652 6
2284 2283 4
702 752 3
853 903 2
1482 1432 6
2277 2227 9
1154 1155 4
666 667 5
63 62 5
720 670 1
1889 1888 6
1788 1789 4
479 478 4
1765 1766 6
1612 1611 1
484 485 8
1433 1483 9
1006 1005 1
2252 2253 10
158 159 4
1173 1223 7
2058 2108 1
758 808 8
2176 2175 5
2005 2006 2
250 300 5
125 126 2
1261 1260 1
2216 2166 9
2068 2018 10
850 849 8
2136 2137 2
632 582 2
783 833 10
1847 1897 5
227 277 8
2343 2393 8
1773 1774 3
1062 1112 1
909 859 5
1425 1426 1
597 598 1
1860 1910 9
2386 2387 5
2417 2416 6
733 732 8
117 118 6
371 321 9
15 14 3
900 950 9
253 254 5
2330 2280 3
1488 1438 5
1941 1942 3
1179 1229 1
459 409 2
2289 2288 9
2127 2128 1
1509 1508 5
932 882 10
344 343 10
978 928 8
1308 1258 2
182 232 3
460 410 10
1049 1099 6
2056 2006 2
2275 2276 4
1361 1362 5
802 803 2
1587 1586 2
2425 2375 1
1185 1184 1
710 760 2
185 235 10
891 941 10
216 166 8
1369 1370 9
1221 1222 5
1939 1889 3
1036 986 10
1042 992 8
50 49 3
1976 1977 7
2100 2050 10
994 1044 1
1552 1553 1
2030 2080 4
64 114 9
2358 2357 3
693 743 1
1104 1103 1
1369 1319 3
2170 2169 3
1148 1149 1
750 749 4
861 862 7
1938 1988 6
491 492 8
1110 1111 8
163 162 9
1765 1815 7
1103 1102 9
628 629 7
1422 1472 10
306 256 10
2030 1980 9
1087 1137 8
711 710 4
572 571 7
674 724 8
1895 1896 10
560 510 1
1393 1343 9
2274 2275 7
683 682 3
889 890 7
2389 2388 2
1922 1923 2
319 318 5
782 732 8
1330 1329 1
37 38 1
1318 1317 4
1599 1598 6
2243 2193 5
522 523 10
2238 2188 8
1441 1491 2
986 985 5
909 959 10
1702 1701 8
280 330 6
2140 2090 3
551 552 7
446 496 1
1926 1876 10
2005 2004 9
212 211 7
1077 1127 10
809 808 7
1205 1204 9
1376 1375 3
237 187 7
1031 1030 1
715 765 1
2061 2111 2
457 507 4
203 204 9
1570 1620 2
1886 1836 6
2305 2306 10
807 757 9
222 223 4
1470 1469 7
116 115 1
409 410 7
1813 1863 10
537 487 9
532 531 9
573 623 3
1489 1539 9
2070 2071 10
1179 1178 8
2149 2150 7
1262 1312 9
2011 1961 5
947 948 7
642 641 4
241 242 3
1805 1804 3
1783 1833 2
2103 2153 2
188 238 9
1594 1544 10
2384 2434 9
75 25 1
1769 1719 9
1558 1559 5
329 279 6
2314 2315 4
1960 2010 5
2079 2129 4
554 553 2
1753 1703 6
689 739 8
894 895 7
1962 2012 2
1284 1283 1
534 533 2
1659 1609 8
2104 2054 2
526 476 4
2392 2342 7
718 717 1
263 213 9
1180 1130 9
1712 1713 8
751 701 8
2253 2303 8
1476 1426 5
1159 1160 2
1304 1354 1
1738 1737 2
127 77 1
2486 2436 9
2237 2236 2
2474 2475 5
1260 1210 4
502 452 9
1828 1778 8
1313 1312 1
1668 1669 7
742 743 3
1514 1515 10
1295 1294 1
412 411 6
600 550 1
113 63 2
1163 1162 8
251 252 8
686 636 9
267 266 6
2055 2005 2
45 46 8
2332 2382 9
1268 1218 4
1298 1348 10
1992 1991 1
1612 1562 9
1020 970 1
2348 2347 10
874 924 2
703 653 1
2099 2149 6
863 862 9
270 220 2
194 195 1
470 469 1
1896 1946 3
1458 1508 10
1219 1169 6
493 443 6
609 659 7
2458 2459 6
2202 2203 5
1132 1131 2
2163 2213 10
500 499 4
1817 1867 2
1460 1461 2
2157 2107 5
1419 1469 1
406 456 3
2264 2214 8
1153 1203 8
392 391 3
1103 1104 3
2218 2268 8
132 82 9
171 221 8
120 70 3
2275 2325 4
659 609 9
745 795 9
463 413 4
354 353 4
1741 1742 3
2025 2024 8
325 324 3
178 228 9
352 351 7
1749 1799 4
1319 1320 10
1484 1483 9
1945 1946 5
2500 2450 4
137 187 4
1389 1390 4
1005 1004 4
2250 2300 7
653 703 7
2313 2312 6
1143 1144 7
2257 2256 10
1156 1155 9
1400 1399 9
1756 1757 7
1787 1786 4
110 109 7
2364 2363 9
605 655 9
1231 1230 6
2339 2338 9
2121 2071 8
2371 2372 7
41 40 4
2160 2110 7
150 149 4
1533 1583 7
2317 2367 2
1985 1935 3
1899 1898 8
1354 1304 8
1049 1048 3
1434 1433 10
1095 1045 7
366 416 6
581 582 3
233 183 4
2041 1991 6
1978 1928 9
1508 1558 7
763 764 10
1107 1057 8
1254 1304 8
713 714 3
1741 1791 1
538 537 10
1461 1460 7
533 532 9
98 97 9
5 55 2
371 372 4
2199 2149 9
1339 1389 3
1248 1247 4
1591 1641 9
1799 1749 8
2392 2391 7
508 458 1
454 455 5
331 281 4
2200 2150 10
425 424 5
1271 1321 2
1177 1176 5
1621 1620 3
326 276 4
265 266 2
394 393 7
942 941 6
912 913 5
931 930 3
922 972 6
1508 1507 1
136 186 2
2136 2135 4
116 66 7
2193 2194 7
1376 1426 3
19 69 4
318 317 10
525 526 4
495 496 8
784 783 4
1162 1163 8
1426 1427 9
64 14 9
1146 1096 2
1575 1576 2
814 864 1
502 552 8
1328 1378 8
898 848 8
2413 2414 9
1393 1392 7
1557 1558 1
1669 1668 10
374 424 10
1042 1092 1
119 118 1
1167 1217 6
1475 1474 4
1911 1912 5
568 618 5
2257 2258 1
2439 2389 7
2094 2044 1
1405 1455 7
1931 1932 9
510 460 5
1561 1560 1
219 269 8
124 123 7
499 549 2
990 991 4
1639 1589 7
382 383 6
2302 2252 4
1925 1926 3
2268 2218 10
197 198 5
736 737 8
1896 1846 7
1729 1728 6
2129 2128 6
2080 2130 7
1591 1590 10
2355 2405 10
596 597 7
1340 1290 3
1866 1865 5
74 73 3
1190 1191 10
1836 1786 3
1316 1366 9
2119 2118 5
982 983 8
1555 1605 6
714 664 6
569 568 6
106 107 9
454 404 2
214 264 6
472 473 5
1997 2047 9
1670 1669 5
2052 2102 6
1310 1360 1
595 645 3
2042 2043 8
906 956 1
297 247 9
866 816 10
1661 1611 3
2205 2155 3
92 42 3
1968 1967 9
2258 2308 9
344 394 4
1905 1955 9
420 421 3
1791 1841 4
1128 1078 2
97 47 6
1714 1764 1
1696 1746 2
2225 2226 9
520 570 10
2322 2321 2
1900 1850 9
782 781 4
106 105 9
1203 1253 6
1761 1711 4
778 728 9
694 644 2
336 337 3
511 512 6
352 402 3
501 451 2
1592 1591 5
1432 1433 2
413 412 2
510 511 6
661 611 10
713 712 8
185 184 5
2342 2341 1
144 143 9
875 825 7
2345 2395 6
640 690 9
1315 1265 9
1756 1806 5
1469 1519 3
2448 2447 5
1767 1766 3
1193 1243 4
2232 2233 4
109 59 9
549 550 9
1776 1726 1
754 753 3
1460 1459 7
2323 2322 6
1778 1828 9
1764 1765 4
1318 1368 8
2209 2159 5
2240 2241 8
404 403 6
1604 1654 8
1291 1341 9
971 1021 5
2154 2153 2
1686 1685 2
2071 2072 2
772 722 4
1408 1407 1
2471 2470 10
342 292 4
1764 1714 10
696 746 1
1105 1155 9
1487 1537 1
1067 1017 9
1717 1718 9
902 852 3
760 761 7
725 775 4
849 850 3
527 477 10
1417 1467 1
1235 1234 6
1891 1892 5
397 447 5
1598 1599 2
1335 1336 10
1165 1164 6
2376 2326 2
459 460 6
2048 1998 3
2119 2120 7
1561 1562 5
1438 1439 3
1440 1390 9
892 891 2
1789 1790 6
355 305 9
398 399 5
1243 1193 10
1003 1002 6
179 178 3
1546 1547 9
1491 1441 4
65 64 7
19 18 5
1019 1020 3
2033 2032 6
1130 1180 3
1782 1732 6
1818 1817 6
2355 2356 1
1476 1475 2
276 275 10
938 939 8
2235 2185 8
979 1029 8
763 713 9
400 350 1
1696 1697 1
198 199 3
1854 1804 4
1955 1954 9
781 731 10
2245 2244 2
1833 1832 7
1365 1366 10
973 974 6
1715 1716 6
1289 1290 9
982 1032 8
1975 2025 1
1155 1205 7
1069 1068 10
530 531 2
2468 2418 4
2188 2189 8
2419 2420 4
1320 1321 10
2081 2080 5
100 150 6
293 294 10
1491 1541 9
372 373 2
1031 1032 5
1677 1627 1
693 692 10
1853 1852 3
393 443 1
113 114 9
1237 1236 7
1750 1800 3
676 677 2
1448 1498 4
1797 1747 6
1131 1081 7
997 998 6
513 512 6
2130 2080 2
729 728 7
1277 1278 9
81 80 3
575 625 10
1327 1328 10
2249 2248 5
1340 1339 9
2256 2255 4
1282 1232 9
1585 1584 2
327 277 9
2388 2438 8
1910 1860 9
122 172 8
2223 2273 8
983 982 3
1732 1731 5
2204 2254 7
1672 1622 3
1510 1560 4
1347 1297 5
1828 1829 8
2246 2245 10
1163 1213 4
1158 1108 8
2104 2154 7
1128 1178 1
177 176 4
1424 1374 1
1948 1998 6
474 424 1
944 994 9
1485 1486 8
2116 2117 1
1696 1646 2
2145 2146 3
1628 1678 1
386 336 3
811 861 5
465 415 5
847 797 2
1824 1774 6
818 819 9
2128 2129 6
1942 1892 7
715 714 2
1537 1587 5
1308 1358 10
1683 1733 8
2379 2329 8
2303 2353 4
1395 1345 4
2345 2295 2
685 735 3
1076 1126 7
1789 1739 6
2198 2197 3
349 399 1
421 422 9
1872 1873 2
2051 2101 8
766 816 4
1508 1509 4
758 759 1
1195 1145 10
1438 1488 1
1863 1864 1
1531 1481 1
2273 2323 9
993 992 5
770 720 10
798 797 3
619 569 5
1732 1733 4
639 589 3
1676 1626 7
1086 1036 8
167 168 1
1126 1176 7
1644 1694 9
1913 1912 3
1510 1509 5
2426 2425 10
105 104 5
1482 1532 10
428 429 5
477 476 4
1812 1862 2
743 742 10
2307 2306 8
806 856 9
2211 2212 2
1899 1949 10
2058 2057 9
2459 2460 1
1710 1709 2
1450 1400 5
1251 1252 6
1511 1512 4
1811 1810 8
1284 1285 4
465 464 6
285 335 8
1275 1225 5
1489 1439 7
379 380 5
1249 1248 3
2380 2430 9
2346 2345 1
577 578 10
2138 2188 7
1907 1906 6
1666 1716 3
1279 1329 8
2231 2181 10
1959 2009 9
1942 1943 9
1365 1315 3
770 820 9
2213 2163 6
2366 2367 10
1553 1552 10
2263 2262 5
1426 1425 9
1615 1614 3
2433 2483 9
2411 2461 10
1405 1406 1
581 580 5
303 253 6
1485 1435 8
1156 1206 1
831 832 3
1759 1809 7
558 559 3
442 392 1
1614 1564 3
89 90 8
1069 1019 7
153 152 7
805 804 2
1008 1058 3
281 280 7
1241 1291 9
886 836 3
857 907 1
458 408 1
995 996 3
1743 1793 7
1538 1588 4
1229 1179 3
440 490 5
798 799 2
1189 1190 10
2407 2406 1
845 895 9
1991 1990 5
772 771 7
2298 2297 2
953 903 2
1812 1813 10
181 131 5
2343 2344 5
2208 2207 1
1571 1570 9
1077 1027 10
394 344 4
1355 1354 10
2174 2173 6
531 581 5
1065 1115 5
68 18 9
362 312 3
1823 1824 10
438 439 4
1063 1113 9
473 474 2
769 719 4
2362 2412 10
493 543 2
2138 2137 1
727 777 9
1479 1478 9
1274 1273 6
1078 1079 2
1149 1199 3
204 254 5
2016 2066 6
307 308 8
233 283 2
2002 2003 10
1136 1086 8
609 610 6
1886 1887 3
2243 2293 3
2487 2437 1
1418 1468 4
1830 1880 10
1782 1781 9
656 657 6
596 546 7
1969 1968 4
694 693 4
1416 1466 9
1660 1661 9
361 360 9
1976 1975 9
1234 1233 5
727 677 1
1471 1472 9
409 459 5
2410 2411 5
842 892 7
1494 1544 4
1825 1826 9
6 7 3
932 982 9
1019 1069 9
1821 1871 7
1057 1007 2
926 876 3
643 644 6
1568 1618 1
865 864 7
347 397 10
797 798 1
393 392 6
1988 1989 6
174 175 2
56 106 6
1950 2000 7
1123 1173 7
782 783 1
2182 2232 5
1734 1735 5
1747 1697 4
1657 1658 8
1754 1704 6
828 829 5
1406 1456 2
245 244 1
924 925 10
2234 2284 4
951 952 9
1483 1484 2
408 358 5
960 1010 10
851 801 3
344 345 9
1611 1561 8
3 4 2
586 585 10
2433 2434 3
720 770 3
1577 1627 2
1500 1450 7
602 601 5
366 367 4
1465 1415 1
1868 1869 2
2444 2394 3
2436 2435 5
2027 2026 4
931 981 8
2459 2409 10
1136 1186 1
1228 1227 7
1675 1725 1
2131 2132 1
2087 2037 6
103 53 6
1027 1077 8
1106 1156 7
2269 2219 3
997 1047 8
1435 1385 1
2136 2186 6
1673 1623 3
2359 2358 9
2032 2033 8
964 1014 4
1048 1098 10
620 619 10
1133 1083 7
177 227 7
84 85 4
1416 1417 9
1857 1858 6
331 330 5
1856 1857 3
1426 1476 4
2167 2217 1
839 889 9
1521 1471 6
1356 1355 2
833 834 9
2162 2112 8
1844 1843 7
1057 1056 2
1855 1856 6
1464 1514 2
2391 2341 8
777 778 8
338 339 7
763 762 9
1575 1574 1
144 145 7
584 534 2
1909 1959 10
951 901 7
1486 1536 10
2268 2269 8
1446 1447 8
1088 1089 7
1759 1760 6
2322 2272 3
2382 2332 3
1882 1932 9
1782 1832 4
2248 2247 3
1810 1860 9
2325 2326 1
1845 1795 6
445 444 9
2235 2234 9
1232 1231 2
484 534 1
443 493 1
1492 1491 1
592 591 1
1645 1695 10
1758 1808 8
273 274 1
2285 2235 3
559 509 7
913 963 5
1392 1442 6
1985 1986 7
67 68 8
183 182 1
421 420 7
1657 1607 8
2417 2418 7
1522 1521 10
1435 1485 4
1568 1567 4
1725 1726 3
828 878 4
579 629 7
1310 1311 7
387 337 3
2148 2098 3
436 437 2
1978 2028 2
1386 1385 9
293 292 9
269 270 8
1662 1712 5
2463 2413 9
7 6 6
793 843 5
1295 1296 5
325 375 9
411 412 3
1267 1317 7
2452 2451 2
1929 1879 4
2379 2380 5
2272 2273 2
1674 1724 6
582 581 3
1810 1811 8
300 250 6
2411 2361 10
582 583 1
78 79 2
1450 1500 9
1733 1732 10
1682 1632 1
1952 2002 4
2359 2309 3
934 935 9
2373 2423 4
192 193 10
1555 1505 7
910 860 7
1367 1317 5
2354 2404 1
1521 1522 1
333 332 3
2064 2065 8
2012 1962 7
740 741 2
1457 1507 8
1492 1442 2
1108 1109 8
1275 1325 10
506 556 6
1473 1523 2
814 764 6
2340 2341 2
564 514 9
1861 1911 10
585 586 7
1671 1621 3
1680 1679 4
1584 1634 9
162 212 3
1504 1554 4
1135 1185 1
572 522 8
2387 2388 10
1948 1898 2
997 996 4
789 739 4
176 126 5
2167 2168 5
979 980 10
1724 1774 8
1268 1269 8
1691 1692 9
1603 1602 8
2373 2372 4
474 524 10
1894 1944 3
1717 1667 5
2112 2062 9
450 400 8
266 265 9
2184 2234 9
40 41 1
1995 1994 6
358 408 8
2034 2084 7
1910 1909 2
256 306 7
761 811 1
1985 2035 6
147 146 6
2226 2225 10
1712 1762 1
589 539 1
1044 1094 3
1585 1635 4
740 690 5
342 341 6
2143 2193 6
1314 1264 4
1305 1304 3
2485 2486 5
2064 2114 8
1979 2029 10
737 738 8
1608 1558 6
2075 2076 6
820 821 1
259 260 4
1056 1057 2
2231 2230 7
1642 1641 4
556 557 3
655 605 4
1502 1452 7
206 207 6
2060 2061 4
2207 2257 8
490 491 10
1237 1187 7
2208 2209 5
1763 1764 10
1204 1203 9
1216 1166 2
2253 2252 10
785 784 1
2263 2213 9
715 716 1
589 588 10
597 647 3
966 916 2
1766 1816 4
975 925 7
746 745 9
768 718 7
1531 1581 10
899 949 1
125 175 5
857 856 10
1809 1810 10
1367 1417 2
321 320 9
2105 2055 4
1096 1046 4
2081 2131 2
412 362 5
272 273 5
752 751 4
170 169 3
219 169 2
2434 2435 3
952 951 1
2075 2025 2
1835 1885 6
1609 1659 1
2061 2062 9
536 537 1
1644 1643 10
1529 1479 8
972 1022 5
268 269 9
749 699 2
218 268 8
958 957 5
2422 2423 9
1648 1698 6
287 237 8
312 313 1
1880 1830 6
837 887 4
926 976 8
1299 1300 5
1538 1488 9
656 706 3
1381 1431 8
195 196 8
1652 1602 3
1536 1586 8
1113 1163 4
153 103 4
343 342 2
1215 1216 4
690 691 9
845 846 6
1405 1404 9
1548 1549 1
2397 2396 3
708 707 8
1965 1964 1
1947 1946 8
1655 1705 1
35 85 8
728 678 4
1253 1252 10
153 203 8
850 900 8
1004 1054 1
1443 1493 8
2028 2029 8
584 585 9
2430 2480 6
1443 1444 6
768 769 7
1819 1769 7
930 880 6
94 44 4
586 536 2
1778 1779 9
863 813 9
499 500 9
2277 2276 8
374 324 6
1381 1380 2
1507 1557 10
2186 2136 7
1899 1900 5
2416 2417 1
2261 2311 9
1512 1562 7
1265 1264 7
930 929 1
1262 1263 1
82 132 10
1436 1437 1
2028 2078 9
1387 1337 8
797 747 4
1969 1970 4
1902 1952 8
2483 2484 4
22 21 3
315 316 7
883 884 6
765 715 5
342 343 6
1834 1833 9
187 188 5
279 229 4
24 74 9
755 754 2
659 658 8
1225 1224 7
1731 1681 4
193 143 8
1543 1493 7
1511 1510 3
1382 1332 3
1420 1370 10
459 509 2
718 768 7
107 57 2
1077 1078 10
1862 1863 8
1415 1416 8
356 355 3
1803 1853 6
119 120 10
1276 1226 1
1392 1393 2
2047 2048 6
1770 1720 7
707 657 10
441 391 5
1119 1169 3
1941 1991 5
56 55 6
1333 1334 8
976 926 9
1436 1486 10
1975 1976 9
991 1041 3
2421 2371 1
1467 1468 6
2280 2330 6
2009 2010 9
266 216 3
2263 2264 2
776 775 8
1300 1299 4
200 150 9
132 182 10
427 428 2
476 477 7
1735 1736 8
417 367 2
2117 2116 5
1046 1047 2
38 39 8
105 155 2
603 553 4
1173 1123 9
2299 2298 10
250 200 10
20 21 6
1099 1049 8
2253 2254 3
215 214 5
284 234 10
1255 1305 1
274 224 1
249 299 3
1121 1120 2
724 725 1
939 940 7
1153 1154 7
836 835 3
2469 2468 9
1105 1106 9
1704 1703 4
274 324 7
185 135 6
1551 1501 8
1787 1788 4
1599 1600 6
298 297 8
1453 1452 10
1721 1720 2
1851 1901 8
835 885 2
2162 2163 3
629 679 8
401 451 2
1274 1275 9
208 158 3
1550 1600 1
654 604 5
1612 1613 7
1770 1771 2
641 642 6
2428 2427 8
2133 2183 3
2126 2076 8
2229 2230 6
35 34 1
573 574 6
1739 1738 4
1254 1204 9
1080 1130 9
480 430 2
1795 1794 10
1675 1625 10
1315 1316 8
891 890 2
1786 1836 2
167 217 1
842 841 3
810 760 9
1321 1322 9
2332 2333 2
249 199 10
2470 2420 1
1826 1776 10
984 983 3
152 151 6
2382 2432 7
2423 2473 6
2361 2360 7
1092 1093 2
1387 1437 1
1196 1146 10
341 291 5
590 540 2
1571 1621 2
2399 2349 9
1628 1627 2
154 153 10
1515 1516 8
641 691 7
1617 1667 5
2297 2347 8
493 494 6
771 770 1
1888 1938 1
1359 1309 7
1524 1525 9
1400 1450 5
643 593 6
2209 2208 9
543 542 1
1645 1595 7
2273 2223 6
1865 1815 1
625 675 3
198 197 10
208 207 2
1403 1353 5
2086 2085 9
442 492 7
548 549 9
1122 1072 2
846 796 2
1859 1858 7
1918 1919 2
1547 1497 8
1145 1146 1
821 871 4
911 910 7
315 314 8
1853 1803 4
262 212 6
659 660 10
1109 1108 5
2318 2368 10
1688 1687 9
918 968 8
943 893 6
890 891 2
639 638 2
1326 1376 2
1580 1579 4
1290 1289 3
478 528 2
1319 1369 2
655 705 7
964 965 4
261 211 1
213 214 4
1631 1681 4
97 147 8
140 141 9
450 449 5
2416 2466 8
1989 1939 7
1865 1866 7
1120 1119 2
1864 1865 10
1403 1404 10
997 947 9
1937 1938 8
1680 1730 3
1504 1505 1
1507 1508 1
2381 2380 10
2423 2422 5
2382 2381 1
770 771 2
766 767 4
100 50 8
2094 2144 2
91 92 5
1391 1390 4
2141 2142 2
1219 1220 1
1402 1403 1
2260 2310 4
271 321 4
1915 1916 5
865 915 2
871 921 8
1846 1847 2
757 707 3
1362 1361 8
819 869 6
514 464 3
1837 1838 10
777 727 5
417 467 7
1070 1020 5
497 447 9
2433 2383 8
2133 2132 6
1805 1755 6
1814 1764 9
827 877 3
2056 2106 2
2207 2206 4
1763 1762 9
1444 1445 10
1420 1419 5
1305 1255 6
685 684 7
1109 1110 10
1350 1349 6
620 621 6
2127 2126 8
1452 1402 6
422 421 2
1380 1379 3
65 15 9
593 592 5
1088 1038 6
1200 1150 6
129 128 4
827 828 4
1779 1829 1
922 921 3
533 583 5
1564 1565 1
1652 1702 3
1598 1548 3
2120 2121 6
2020 2021 10
2080 2030 10
1845 1846 8
2086 2087 8
934 933 8
296 297 4
129 130 9
2242 2243 1
2053 2103 6
778 828 5
2101 2051 9
2245 2295 4
587 588 7
1673 1672 1
953 954 3
1536 1535 8
1157 1158 2
2237 2287 7
1848 1798 9
1481 1431 9
1123 1124 4
2237 2187 6
1097 1147 4
1266 1267 4
767 768 5
5 6 7
1593 1643 1
2184 2185 4
1913 1963 7
851 901 10
1304 1254 2
1897 1898 7
423 473 9
203 253 10
545 546 8
408 407 2
2092 2142 7
8 9 5
2488 2487 7
1055 1005 10
1895 1945 9
761 711 9
1454 1453 9
2296 2297 7
824 774 9
114 113 1
813 814 3
770 769 10
659 709 5
1052 1053 9
865 815 3
705 704 5
1701 1751 3
2175 2174 4
1697 1698 5
2408 2458 2
519 518 8
2411 2410 5
76 126 1
946 996 5
1987 1986 8
1994 2044 6
1960 1961 8
2310 2311 4
894 844 5
294 293 10
1893 1843 1
1421 1420 4
1955 1905 3
2269 2268 1
1720 1770 4
1124 1123 3
2366 2316 1
2233 2283 7
1153 1103 10
2462 2412 6
322 372 2
1655 1656 2
1031 981 7
549 499 1
1702 1652 1
1257 1256 1
455 505 4
174 124 5
566 565 8
2242 2241 2
372 422 9
984 1034 1
2477 2427 9
52 53 10
974 1024 5
2333 2283 10
917 867 6
297 296 1
181 182 4
651 601 10
2263 2313 7
2226 2176 4
272 222 7
486 436 2
1934 1933 7
1749 1699 4
302 303 3
1885 1835 10
1709 1708 7
681 631 4
1351 1401 3
541 540 6
1751 1752 8
1639 1638 9
1008 1009 7
172 222 10
1482 1483 7
1780 1730 10
1054 1053 6
145 144 10
1684 1685 3
580 579 3
435 485 8
518 568 1
57 58 4
1544 1543 6
2421 2471 9
1115 1114 8
1514 1513 5
1904 1854 2
584 634 8
2413 2463 1
443 393 6
925 875 3
1202 1252 3
489 439 5
1284 1234 6
2367 2317 5
1140 1141 1
2285 2286 7
122 121 9
244 245 8
1948 1949 9
840 839 2
2109 2110 9
704 703 9
938 937 9
1026 1025 5
640 590 7
1053 1003 4
733 734 7
1273 1323 6
2324 2374 2
1730 1729 7
1600 1599 9
481 531 5
375 374 3
2196 2197 2
1281 1231 3
1334 1284 7
1455 1456 3
2204 2205 4
860 859 1
331 381 8
464 514 7
959 909 10
1231 1232 1
1752 1751 9
2165 2164 5
1365 1415 2
488 538 10
1429 1430 9
2497 2496 1
2096 2095 4
747 797 7
743 793 7
1085 1086 9
36 37 8
2375 2425 4
893 892 2
518 517 9
1238 1239 5
837 787 7
799 798 10
2076 2126 10
1382 1381 3
762 712 10
769 819 6
2019 1969 4
453 452 4
40 39 4
1242 1292 8
1852 1802 9
2258 2208 1
1048 1049 9
1921 1922 2
788 738 7
1816 1866 2
2443 2493 7
494 493 8
1202 1203 6
2216 2215 5
895 894 9
2197 2247 4
1421 1422 1
351 301 6
1864 1914 7
169 168 5
579 578 8
1030 1080 8
844 843 7
1837 1887 4
788 838 7
1971 1970 2
929 930 8
2346 2396 4
1286 1287 6
2004 1954 5
621 671 5
706 707 10
996 997 6
595 594 4
2424 2423 8
1647 1646 3
1296 1295 4
977 1027 1
1393 1443 4
675 674 9
829 830 2
1058 1059 6
1721 1671 7
2291 2341 3
1879 1878 8
1769 1770 3
1494 1495 6
1348 1398 4
967 966 10
2460 2459 4
881 880 3
2113 2163 8
1586 1585 4
2098 2048 8
848 849 2
2358 2408 5
296 295 1
82 32 3
1714 1715 4
1331 1332 2
154 104 10
925 926 3
2336 2386 1
254 304 10
722 672 5
1321 1271 3
475 476 1
1964 1965 10
940 890 6
93 143 3
1125 1124 8
785 786 6
246 296 6
2355 2354 5
59 60 8
1996 1946 8
1112 1113 1
1279 1280 5
1226 1276 1
1882 1883 8
2140 2139 10
945 995 7
1886 1885 6
733 783 9
2254 2255 9
1633 1683 1
158 108 7
658 659 6
2470 2471 1
2395 2445 2
2452 2402 2
2461 2411 2
1307 1257 1
66 65 4
2061 2060 7
972 922 2
606 605 4
2309 2308 9
1752 1802 9
1871 1821 7
806 805 1
494 544 4
1638 1688 6
1447 1497 10
2148 2147 1
1184 1234 4
546 547 8
1970 1971 8
1686 1736 10
624 625 8
2286 2236 6
1527 1577 6
313 314 9
808 758 4
1487 1486 3
1613 1563 2
1497 1498 8
340 339 2
634 684 6
2026 2025 2
2183 2184 9
1141 1140 1
2026 2076 2
1458 1459 1
1436 1435 8
1133 1134 6
648 698 2
2391 2441 2
921 871 10
1990 1940 3
1378 1328 9
1560 1610 3
1100 1150 3
1396 1446 4
2024 2074 2
859 909 6
6 5 6
1131 1130 2
614 613 4
1616 1666 2
1385 1384 2
1595 1596 7
1913 1914 2
1017 1067 10
822 872 4
744 745 3
1521 1571 6
36 35 4
2480 2481 7
395 345 3
617 618 8
151 152 2
2057 2007 9
915 916 1
1470 1420 10
368 318 2
447 397 1
892 893 5
2376 2377 9
1282 1281 6
1845 1844 9
1972 2022 7
2129 2130 5
1706 1707 6
252 202 7
574 524 4
2414 2464 9
1106 1056 3
1495 1545 3
1133 1183 8
1292 1291 8
588 638 5
1316 1315 2
812 862 10
666 716 5
1641 1642 9
1994 1993 4
64 63 10
1431 1432 8
516 515 7
1087 1086 6
2169 2119 10
1336 1286 5
1220 1219 4
1102 1103 4
1166 1116 2
1946 1945 4
1010 960 5
194 193 10
846 847 7
1833 1883 10
1456 1506 9
1851 1852 9
1221 1271 4
192 242 2
965 966 8
1707 1757 10
652 702 3
162 161 10
874 824 4
2275 2225 8
2417 2367 4
1309 1359 7
1085 1135 5
1117 1067 1
1191 1141 7
231 232 8
701 651 9
1228 1178 5
1929 1930 10
2079 2080 6
542 592 2
111 110 5
1573 1523 3
486 487 3
2115 2116 5
1168 1167 9
503 504 8
908 909 10
557 607 9
2348 2398 8
577 627 8
2164 2165 8
1258 1208 3
1685 1684 7
1457 1407 10
2068 2118 2
784 734 8
1311 1361 5
1525 1575 3
1554 1553 4
1907 1857 6
2247 2246 1
234 284 7
1031 1081 7
2438 2439 7
826 876 3
1879 1829 9
687 637 1
2189 2190 8
1462 1512 6
1936 1986 7
1539 1489 4
2016 2015 6
1497 1547 8
405 404 6
707 706 2
239 238 10
326 327 3
663 613 7
577 576 8
1488 1538 4
1821 1771 2
1355 1356 2
1209 1210 9
2252 2302 5
1658 1708 2
848 798 1
1567 1566 9
1464 1414 9
472 522 3
2445 2495 4
1301 1251 9
78 77 2
1979 1980 8
721 771 2
2315 2265 8
935 985 3
2042 2092 7
81 82 6
539 489 6
1720 1719 6
2496 2446 1
1637 1638 7
664 663 2
2488 2438 10
1748 1698 9
1032 1082 10
2244 2245 2
1677 1727 7
226 227 10
2241 2240 8
1918 1917 6
2228 2178 3
1074 1124 5
1489 1490 6
266 316 10
1129 1130 7
2090 2140 2
2409 2410 9
963 964 9
2415 2416 3
1211 1212 4
2250 2200 3
589 639 8
2046 2047 7
2378 2328 3
401 351 6
1336 1386 8
2396 2397 1
2447 2397 2
856 906 9
1544 1594 6
949 999 7
1280 1279 10
684 683 2
1767 1717 7
2446 2447 6
1624 1623 2
1966 2016 9
579 529 3
2044 2094 7
226 176 10
1006 1007 7
534 584 4
1666 1665 10
980 979 8
422 423 5
123 124 5
1599 1649 2
1872 1822 2
867 817 2
1108 1158 2
1312 1262 5
2015 2065 8
1120 1070 4
354 355 3
260 261 5
2404 2354 5
1288 1238 6
190 140 9
1958 1957 8
1800 1750 4
1527 1528 2
872 871 3
266 267 8
444 445 8
1803 1802 9
1036 1035 8
454 453 5
2302 2352 1
2367 2366 1
2246 2247 10
861 911 9
1532 1533 1
1909 1908 10
1709 1659 7
112 113 8
1441 1391 5
2146 2196 5
696 646 4
2238 2237 10
49 50 2
74 124 4
1345 1395 8
1366 1367 9
700 699 5
677 627 4
2330 2380 5
961 962 1
2287 2288 2
947 997 8
222 272 6
1949 1950 2
168 118 8
196 246 2
1094 1044 1
2450 2449 9
398 448 3
1806 1805 10
298 299 3
1191 1190 3
2314 2264 7
498 497 3
389 339 7
2427 2428 5
1541 1540 1
2012 2013 10
480 481 7
870 869 2
1540 1590 10
1877 1927 6
710 709 2
169 119 9
968 1018 1
166 216 1
1426 1376 5
1990 1991 4
351 401 4
2027 2077 7
2071 2070 10
2117 2067 3
2374 2375 2
1306 1305 4
236 237 9
1156 1106 5
143 144 2
381 331 10
2499 2500 6
594 593 4
510 560 8
155 105 2
399 398 5
2344 2345 10
1789 1788 6
99 98 2
618 619 3
2007 1957 8
2448 2449 5
579 580 9
1344 1343 5
1598 1648 2
1890 1940 6
1667 1617 4
2015 1965 3
889 888 6
578 577 10
381 431 3
94 95 4
472 422 1
2285 2335 3
1840 1890 4
4 54 8
1262 1261 3
304 354 5
2180 2130 1
2072 2071 1
732 733 8
1505 1455 2
691 641 6
303 302 1
470 471 2
901 851 1
1435 1434 7
1759 1709 1
1364 1414 6
1154 1204 8
1366 1416 7
1650 1600 2
1866 1816 10
2443 2444 4
1174 1173 9
1012 1013 4
2435 2385 2
2418 2419 10
1102 1152 4
1296 1297 2
2448 2398 5
8 58 4
2071 2021 8
2081 2082 4
1586 1636 10
598 597 10
2207 2208 8
1346 1347 9
283 282 5
990 1040 1
338 337 4
881 831 9
118 168 6
271 221 4
917 916 1
1353 1352 5
1852 1853 1
1579 1578 7
860 861 4
571 570 10
1061 1060 6
287 286 8
1850 1900 9
1169 1170 8
24 25 3
2078 2077 8
987 988 1
1838 1788 10
1473 1423 7
2394 2444 1
206 205 6
352 302 4
1861 1862 5
1678 1628 6
664 665 4
1996 1995 3
2393 2443 6
612 611 6
937 936 3
869 819 3
1680 1681 1
1472 1473 7
261 262 4
2315 2316 3
2023 2073 3
2221 2222 10
2039 2040 4
1813 1812 5
109 110 2
223 273 7
1059 1058 9
1820 1770 7
2324 2323 9
1514 1564 1
571 572 6
1903 1953 7
1371 1370 4
942 943 1
1410 1409 2
178 128 3
1030 980 5
1927 1877 10
1230 1280 8
1768 1767 4
260 259 10
236 235 7
562 563 2
1789 1839 5
478 428 7
1092 1042 7
944 894 8
1725 1775 6
1965 1915 9
16 15 2
2381 2382 6
1058 1057 6
1836 1886 3
1796 1746 4
1927 1928 8
164 165 3
1176 1177 10
613 563 10
2462 2463 5
1677 1678 3
159 160 7
1246 1196 9
1722 1672 7
1689 1688 7
390 340 4
926 925 5
555 556 6
1346 1296 6
1067 1068 4
550 549 1
838 788 8
2416 2415 9
111 61 4
500 450 10
157 156 4
2002 1952 8
1774 1773 3
1828 1878 1
460 459 2
397 398 10
231 230 9
1181 1231 8
753 703 4
1662 1661 2
1188 1138 10
575 574 9
1622 1621 8
2270 2271 10
148 98 4
307 306 8
1046 1096 7
152 153 2
33 83 5
2291 2290 4
1134 1184 5
1745 1744 3
1467 1466 6
2051 2001 7
2134 2133 8
612 613 10
275 274 1
954 953 10
560 561 5
2063 2013 5
1545 1546 9
1069 1119 7
2288 2287 9
730 729 7
2409 2408 6
105 55 7
1980 1981 9
681 680 7
102 52 5
1500 1499 5
1277 1276 10
815 814 1
1383 1382 9
1201 1151 6
1727 1728 5
1771 1821 2
1653 1603 1
1728 1729 5
652 651 10
634 635 5
1926 1925 4
1425 1375 6
350 300 2
890 940 10
451 452 9
2271 2270 3
1986 1936 2
859 858 10
1938 1888 3
1189 1239 7
1478 1428 8
1343 1342 6
437 487 7
155 156 1
340 341 2
728 778 6
978 979 6
1620 1670 3
461 511 6
2096 2146 5
2177 2178 7
1178 1128 4
1000 1050 9
42 41 3
162 163 7
341 342 4
151 101 6
927 928 9
1080 1079 9
334 384 4
1625 1675 9
1378 1428 4
1129 1079 5
1570 1520 6
956 957 1
2153 2152 4
314 264 2
1827 1826 8
1286 1236 8
1728 1727 6
1149 1148 5
2153 2203 5
2368 2418 8
1138 1137 2
1714 1664 1
574 575 3
2227 2277 5
471 472 10
1737 1787 7
1790 1740 7
1307 1357 5
410 409 10
1390 1391 1
86 36 10
1098 1099 7
736 686 5
380 430 6
1950 1949 4
1542 1543 9
2372 2373 1
1938 1939 9
384 383 4
232 282 8
627 626 7
2323 2373 5
956 906 1
2147 2197 6
1075 1025 4
2088 2089 2
379 378 4
1217 1216 6
580 630 3
850 800 10
1642 1592 1
1334 1335 8
240 241 5
1044 1043 1
1285 1284 7
1333 1283 1
745 746 2
621 571 10
2098 2099 5
411 361 4
698 697 9
2396 2395 4
1824 1874 5
940 990 3
1748 1798 3
1409 1459 7
616 617 10
2325 2324 3
1607 1557 3
1182 1132 6
863 864 10
2088 2038 1
2281 2282 9
486 485 5
2159 2109 9
1362 1412 5
3 53 10
1817 1816 10
790 789 5
2158 2108 6
2055 2056 8
2203 2153 7
793 792 1
438 488 10
1048 1047 7
1284 1334 3
1148 1198 5
1785 1784 6
405 355 7
444 443 5
1715 1765 10
2208 2158 9
37 87 8
1909 1859 7
576 526 7
1723 1673 10
1582 1532 7
450 500 9
424 474 9
2022 1972 9
554 604 3
1935 1985 10
1438 1437 7
298 348 6
1916 1915 9
1201 1251 5
212 162 3
225 175 3
44 43 4
1048 998 6
1113 1112 5
1668 1667 2
1867 1917 3
1839 1789 2
187 186 6
2211 2161 1
1826 1876 8
912 911 1
241 240 5
1059 1060 6
1432 1431 9
626 625 9
2366 2365 7
1349 1348 6
2292 2342 6
1742 1743 9
73 72 1
704 754 8
849 848 9
1572 1522 8
2146 2096 9
90 89 2
237 236 9
2049 2048 3
384 334 6
1047 1097 8
92 142 5
2337 2336 5
2200 2199 7
725 726 9
738 737 2
2225 2175 7
217 167 7
1798 1797 1
233 234 8
70 120 7
442 441 9
1058 1108 1
1983 1982 2
2432 2382 3
40 90 8
2235 2285 10
716 666 8
2311 2261 1
197 196 3
1954 1953 10
2014 1964 1
1252 1302 3
1746 1796 8
626 676 8
1332 1331 10
1658 1608 2
1687 1737 8
2287 2337 10
73 123 7
1704 1654 3
1716 1666 8
989 939 9
1201 1202 4
1995 1996 6
2206 2205 4
2005 2055 4
1236 1286 8
1814 1815 9
985 935 1
561 560 6
1556 1555 10
1439 1440 3
835 836 8
592 593 3
567 568 1
1332 1333 8
2480 2479 4
642 592 10
615 616 10
440 441 2
1611 1612 10
1777 1827 9
585 635 7
712 662 4
1384 1385 7
301 351 2
2395 2345 7
1554 1604 6
1941 1940 10
1010 1011 7
1278 1228 1
2293 2343 6
647 697 4
2004 2005 6
2101 2151 7
2262 2212 1
1068 1018 2
1603 1553 10
1465 1515 5
519 469 5
594 544 3
1915 1914 6
2067 2066 1
1213 1163 7
2310 2360 2
1026 1027 4
529 479 2
542 541 10
2353 2354 8
2043 1993 7
2093 2092 6
1072 1022 3
291 241 8
1468 1518 9
1446 1445 9
200 250 9
1094 1144 2
1671 1672 6
309 359 3
1580 1630 10
798 748 4
978 1028 10
1665 1715 8
2330 2331 6
597 547 7
726 676 6
108 58 6
1673 1674 4
1590 1540 2
1487 1437 9
409 408 5
2074 2075 5
1895 1845 5
1039 1038 1
1334 1333 8
1809 1759 6
10 9 4
1798 1848 5
636 635 9
1222 1221 5
1844 1845 5
1297 1296 1
2173 2174 6
2370 2320 1
1412 1411 5
1865 1915 5
1826 1827 8
2131 2081 9
2349 2350 9
377 327 2
1063 1062 6
1937 1936 9
2203 2202 6
175 176 5
1929 1979 2
2298 2248 7
1500 1550 5
1013 963 1
669 619 3
2156 2206 5
2228 2229 3
2429 2379 1
1694 1693 7
137 87 4
1564 1563 7
824 825 5
1090 1091 4
2146 2145 3
1801 1851 9
235 185 10
2420 2421 9
872 822 9
758 708 1
683 733 5
1026 976 8
389 390 10
1267 1266 7
2340 2390 7
1299 1349 9
620 670 6
1240 1241 6
636 637 5
388 389 10
1398 1399 1
2329 2379 4
2340 2290 7
365 415 7
255 205 5
2383 2384 1
424 374 2
1510 1460 9
321 271 1
735 736 8
867 917 4
2226 2276 5
425 426 3
1427 1426 8
1184 1134 10
2312 2311 9
1879 1880 9
2321 2320 8
996 946 2
1773 1823 7
1294 1295 3
753 803 2
1951 2001 2
2360 2310 9
1832 1831 1
209 159 5
1159 1209 7
695 694 3
2239 2240 3
2133 2134 1
2173 2172 5
299 300 3
1970 1920 5
1548 1547 9
183 184 10
2010 2011 5
923 924 8
5 4 10
313 263 5
801 851 4
1227 1277 8
1383 1384 5
1381 1331 9
1373 1372 7
1217 1267 5
1178 1228 6
573 523 8
1657 1707 5
633 683 10
2405 2406 10
1157 1207 10
631 581 5
648 649 8
508 507 4
549 548 4
732 731 6
1512 1462 5
1825 1775 7
1876 1875 9
429 428 3
1812 1762 1
71 121 8
1313 1363 5
543 493 7
1024 1023 2
1885 1884 5
1679 1729 5
1110 1160 1
457 456 10
622 672 7
1027 1026 7
311 261 1
2020 1970 5
2327 2377 5
1654 1655 10
2124 2125 4
1666 1616 9
383 333 2
891 892 3
873 923 3
2067 2017 9
767 717 8
1615 1565 2
1802 1801 2
2173 2223 2
359 358 8
1565 1566 8
2251 2201 3
2168 2218 7
1640 1641 1
2326 2325 8
2274 2224 8
468 518 2
1528 1529 5
548 598 9
2021 2020 8
1276 1326 8
1572 1571 2
1219 1269 4
1632 1682 7
57 107 4
1210 1260 2
1259 1309 3
2042 1992 5
734 684 10
522 521 4
1930 1980 6
661 660 8
370 320 2
2215 2265 2
1718 1668 1
1784 1734 6
1034 1035 10
1933 1983 2
1963 1964 7
902 901 9
1880 1881 9
23 22 6
792 742 10
1384 1334 8
1911 1910 6
151 201 10
2037 1987 5
224 225 10
492 491 3
1329 1279 5
1650 1649 7
2223 2224 4
2002 2052 3
810 860 6
905 904 1
1453 1503 8
1823 1822 7
420 470 6
2437 2387 5
669 670 10
2463 2464 6
302 352 10
33 32 10
1317 1367 7
859 860 6
1887 1886 9
2397 2398 2
1861 1811 10
1154 1153 3
2155 2105 7
2453 2452 10
387 386 2
2276 2275 5
942 892 9
566 616 3
784 785 7
1728 1678 9
682 632 9
1579 1580 2
67 117 1
2430 2431 2
965 964 3
1904 1903 2
213 163 4
2473 2474 10
1653 1654 4
826 827 10
1890 1889 5
514 513 10
1877 1878 4
2349 2348 7
1237 1287 9
294 344 8
2426 2376 2
773 774 3
2409 2359 6
1992 2042 1
1245 1195 7
1665 1666 10
1530 1480 10
1638 1588 3
176 226 2
1687 1686 2
2066 2067 1
126 76 3
1404 1454 10
1858 1857 6
665 666 1
420 419 1
2408 2358 2
743 744 10
728 729 7
1203 1204 6
1785 1835 2
214 215 7
70 20 7
2015 2014 4
352 353 10
1711 1761 9
1312 1311 6
112 162 2
936 935 3
1963 1962 8
2165 2166 3
765 764 3
2097 2147 9
594 595 1
2341 2291 5
1303 1304 5
987 986 2
1358 1357 4
391 441 8
1129 1128 4
1874 1875 3
2070 2020 1
286 287 7
265 315 7
2118 2068 4
1497 1496 5
138 139 10
1795 1845 7
2498 2448 10
2205 2206 8
599 649 5
1769 1768 3
1418 1368 1
2479 2478 7
1964 1914 9
1012 962 9
1374 1373 3
772 822 7
244 194 8
1890 1891 3
557 507 3
2191 2241 7
2482 2432 4
449 499 10
1146 1147 2
1949 1899 5
774 775 4
928 978 3
2042 2041 4
2154 2155 5
973 923 7
1503 1453 2
2198 2148 6
591 541 4
2110 2111 4
382 432 3
1460 1510 3
2290 2240 7
2333 2383 7
840 790 9
2091 2141 7
334 333 1
2332 2331 10
49 48 1
1472 1471 7
199 200 9
2468 2467 10
290 340 4
2281 2280 7
1531 1532 3
2204 2203 7
2364 2365 9
56 6 1
1597 1647 3
1474 1424 8
663 664 1
631 630 5
2255 2205 6
41 91 9
1293 1243 7
1193 1194 1
532 582 1
1672 1722 4
433 483 3
2032 2031 10
816 817 5
65 115 9
1796 1795 1
448 498 10
2319 2369 8
655 654 9
2259 2258 6
324 274 2
1134 1133 5
647 648 5
1689 1639 3
735 785 2
654 704 1
555 605 9
1668 1718 10
133 183 1
1557 1507 4
1673 1723 5
183 233 1
386 385 2
1520 1519 10
1025 1024 4
775 825 4
902 952 1
130 80 10
1415 1365 1
1289 1288 9
936 986 6
106 56 9
872 873 5
731 781 1
164 214 1
157 107 1
600 599 5
1171 1172 3
2391 2392 7
857 858 10
1905 1855 10
477 427 2
667 666 9
2027 1977 1
2156 2157 2
529 579 7
2045 2095 5
1906 1907 7
1990 1989 7
2006 1956 8
1186 1236 10
2245 2195 4
345 346 9
538 588 10
482 532 6
2043 2093 6
2031 1981 3
2057 2056 5
2210 2260 10
2034 2033 8
2270 2220 10
1080 1030 10
145 95 5
1527 1526 9
234 184 2
2038 2039 6
2453 2403 3
206 156 5
1260 1261 2
63 13 8
513 514 7
567 517 4
739 738 2
327 328 5
2455 2454 4
476 426 7
314 313 2
2059 2009 9
2457 2458 3
1726 1727 2
2451 2452 10
1464 1465 7
199 249 1
1398 1397 9
1663 1664 6
1669 1619 5
1569 1519 5
2357 2407 8
93 92 2
1708 1758 7
991 992 4
2122 2123 6
1956 1906 4
641 591 5
905 955 8
483 533 4
968 969 8
1307 1306 8
2300 2250 6
2045 2046 7
2493 2443 5
243 244 5
2485 2484 7
941 942 3
23 24 9
1118 1119 10
676 675 8
2192 2193 8
1806 1856 7
77 127 4
1875 1925 8
1638 1639 4
779 780 5
1536 1537 3
1442 1443 5
1821 1820 2
1631 1630 7
304 305 8
418 417 7
752 702 2
1096 1095 1
316 315 1
1980 1979 3
238 188 4
1093 1092 9
656 655 7
717 716 9
828 827 9
939 938 4
55 105 8
827 777 6
2084 2083 10
2076 2077 8
506 507 8
1841 1840 3
1501 1551 4
1600 1650 1
1770 1820 8
221 222 8
150 100 6
1659 1709 6
1799 1849 3
179 129 2
170 120 4
882 832 6
1912 1911 6
722 772 9
399 400 8
964 963 3
1989 1988 3
1243 1244 5
1239 1240 9
382 381 9
794 844 6
2214 2264 5
11 10 10
489 488 6
142 143 7
856 806 4
1621 1671 2
1597 1547 5
1736 1735 7
2435 2485 1
1108 1107 6
1263 1213 6
963 1013 1
135 134 5
1998 1999 5
2465 2464 9
1203 1202 9
984 985 10
1155 1156 1
373 323 5
1209 1259 6
654 655 3
207 157 1
1172 1222 3
180 179 9
2242 2192 6
2197 2198 9
807 806 4
377 427 8
567 617 9
1873 1872 4
1810 1809 7
2134 2184 7
344 294 6
1272 1273 2
1373 1323 3
504 554 8
1235 1285 2
661 662 2
756 806 3
586 587 6
1270 1269 8
1208 1207 5
1249 1299 9
279 329 8
2220 2170 2
1961 1962 10
1243 1293 9
717 767 6
669 719 4
944 943 6
255 305 5
2356 2355 9
1620 1619 8
411 410 5
1366 1365 3
560 610 7
1722 1723 4
907 957 4
171 172 1
226 225 7
1585 1535 3
1007 1008 5
1788 1738 6
2247 2248 3
19 20 10
1390 1440 3
762 763 8
1442 1441 1
1515 1565 3
280 281 8
211 161 9
1986 1987 6
627 628 5
2261 2211 10
592 542 5
1724 1725 10
134 84 10
136 135 3
2052 2053 10
1654 1704 2
1791 1792 4
130 131 4
1317 1318 7
1351 1352 7
318 368 7
1188 1238 8
2450 2400 3
1044 994 10
2224 2274 4
2182 2181 3
1558 1557 2
1568 1569 6
632 682 1
830 831 1
1620 1621 1
2350 2300 1
1430 1429 4
105 106 3
616 666 8
1370 1420 6
131 132 2
1945 1895 3
717 667 4
1356 1306 5
295 245 10
1320 1270 10
1290 1240 3
363 413 3
1826 1825 2
318 319 9
1066 1065 6
1949 1948 8
1525 1526 5
492 493 3
1928 1978 6
1374 1324 8
883 882 3
498 499 8
1590 1640 10
218 217 4
795 845 8
1958 1959 9
1566 1567 9
2322 2323 8
2068 2067 5
1193 1192 6
1169 1168 6
2312 2362 5
748 798 9
332 333 10
2179 2178 6
259 309 4
296 346 8
1257 1258 7
2460 2461 10
1856 1855 3
1089 1090 3
368 369 5
1446 1496 8
995 1045 1
738 688 8
740 739 6
2489 2488 9
543 544 8
787 786 2
2171 2221 8
2373 2323 6
239 189 8
20 70 7
353 403 1
1922 1872 3
558 508 1
1106 1107 7
944 945 9
1384 1383 7
418 368 4
1979 1929 3
2064 2014 7
795 745 6
1028 978 10
918 919 5
1754 1804 10
1791 1741 5
1488 1489 5
1824 1825 2
2121 2171 1
2223 2222 1
627 677 2
134 184 6
1694 1744 5
1723 1722 5
2369 2319 7
364 363 5
2415 2414 9
683 684 10
1953 1903 1
2130 2131 1
670 671 7
2114 2164 4
2057 2107 2
781 782 2
615 665 8
1364 1363 4
866 867 4
2139 2138 9
1667 1666 3
2077 2127 7
1834 1835 2
1065 1064 9
1294 1344 3
867 866 2
2071 2121 6
2307 2308 8
2405 2404 5
1610 1611 1
1196 1246 5
426 476 4
2243 2242 2
1155 1105 7
103 153 1
996 1046 9
1961 2011 2
160 161 5
1831 1832 3
20 19 7
363 364 1
1997 1947 9
1907 1957 8
765 766 1
2143 2142 6
939 889 4
1219 1218 10
2003 1953 4
2125 2075 5
1412 1462 2
1706 1656 6
529 528 9
2126 2127 10
1018 1068 1
2047 1997 10
2243 2244 5
2241 2242 4
1165 1166 7
1203 1153 2
992 993 5
752 753 10
1496 1497 2
1228 1278 8
394 444 1
597 596 10
586 636 3
1716 1715 9
2384 2383 4
81 31 7
2220 2221 2
1611 1661 8
1849 1850 7
2365 2364 6
245 246 2
2358 2359 9
512 513 2
1694 1695 5
1772 1722 8
662 712 8
1202 1152 2
79 78 7
709 708 3
1611 1610 3
2030 2031 6
254 253 3
485 484 5
1282 1283 10
2487 2488 5
2305 2355 1
887 937 10
2181 2180 5
264 263 8
82 83 3
2070 2120 8
1941 1891 6
380 381 5
2062 2063 2
1908 1909 2
1241 1240 9
1311 1312 10
347 346 7
1033 1083 6
1280 1230 10
216 215 3
2385 2384 9
1782 1783 1
1444 1443 7
948 898 5
93 94 3
1283 1233 9
1538 1537 1
965 915 7
168 218 10
2000 1950 9
297 298 3
711 761 9
42 92 8
1605 1655 4
737 787 7
1771 1772 9
1646 1645 6
321 322 9
1061 1062 8
1995 1945 6
465 466 5
1127 1126 7
283 333 8
173 174 9
2163 2113 5
1771 1770 4
1829 1879 10
536 586 5
2007 2008 5
1761 1762 9
1363 1362 1
797 796 1
2010 2060 4
462 461 2
985 984 5
2300 2350 8
492 442 3
744 694 5
424 425 8
2056 2057 10
1549 1599 10
2470 2469 4
946 945 4
943 942 7
547 548 3
2342 2292 1
1912 1913 7
84 134 8
2044 1994 4
1613 1612 7
1518 1568 3
784 834 1
1327 1277 9
1955 1956 1
1559 1509 6
2064 2063 1
2062 2012 3
2211 2210 5
1195 1196 9
560 559 7
275 325 1
2185 2235 2
2426 2427 4
1439 1389 8
13 63 5
1143 1193 6
258 257 10
2333 2332 1
1160 1210 9
1309 1310 10
1815 1765 10
1854 1855 4
128 178 10
806 756 10
1751 1801 10
1966 1967 3
478 477 5
2199 2198 10
1581 1631 8
262 261 1
1331 1381 7
2398 2448 10
603 604 5
215 265 9
815 865 5
1572 1622 4
62 63 5
2306 2356 1
2389 2339 4
537 587 3
274 273 3
1141 1142 9
2175 2225 7
1667 1668 4
1519 1520 1
243 293 4
2179 2229 8
915 965 10
552 502 8
2329 2279 4
351 352 7
1584 1585 2
732 682 5
1570 1571 6
1429 1479 9
948 947 3
1975 1974 9
1039 989 1
724 674 1
611 610 7
563 564 2
1131 1132 2
1215 1165 10
256 257 9
2266 2267 10
183 133 1
124 174 6
1880 1879 8
369 319 2
1216 1215 2
1260 1259 7
2420 2470 2
1505 1504 5
2218 2217 1
1784 1785 7
646 596 7
1506 1456 5
1994 1944 9
2229 2228 6
660 661 4
2185 2135 3
2018 1968 6
1017 1018 3
1363 1413 4
1007 1006 6
176 175 8
141 191 9
407 457 9
360 361 7
1804 1803 1
166 116 8
431 481 9
2087 2137 9
2295 2296 9
905 906 7
1755 1705 4
1535 1585 3
1580 1581 2
894 944 9
501 551 2
199 198 2
1010 1009 2
376 326 2
452 402 3
871 821 4
1597 1598 2
1709 1759 8
2065 2064 8
914 864 10
2436 2386 4
138 137 10
1076 1026 10
1422 1423 8
1853 1854 6
570 620 4
2182 2183 10
916 866 7
498 548 5
1193 1143 5
1606 1605 6
2228 2278 4
118 119 4
419 420 1
129 179 5
1898 1899 7
292 291 6
1413 1412 1
558 557 6
1922 1972 5
75 74 10
978 977 9
1760 1761 4
2095 2045 5
1183 1233 7
1291 1241 9
1982 1981 2
630 580 8
2234 2184 6
2054 2055 3
2128 2127 6
1864 1814 9
1640 1590 5
2450 2500 8
348 349 7
1486 1485 4
2031 2032 9
1343 1293 8
1888 1889 7
193 192 8
1667 1717 10
1870 1869 1
289 288 4
1033 983 9
2202 2201 3
1083 1082 9
754 804 10
1468 1467 6
1183 1133 6
831 781 8
2390 2391 8
1038 1039 6
1912 1962 10
1483 1433 9
2147 2097 10
267 317 2
253 252 8
2471 2421 8
2210 2211 6
1882 1832 3
1075 1125 4
2255 2305 6
195 194 3
1599 1549 7
673 672 7
1896 1897 3
843 842 3
1387 1386 7
1367 1366 7
889 939 4
986 1036 8
1112 1162 6
780 730 3
1138 1088 8
268 218 10
1045 1044 3
2402 2452 5
1788 1838 4
1944 1994 3
1021 1020 10
961 911 1
1562 1563 1
1148 1098 7
1431 1481 6
1157 1156 5
1198 1148 4
1556 1606 2
1233 1234 1
106 156 9
1967 2017 4
1684 1734 6
1693 1643 6
1717 1767 3
1050 1000 10
915 865 2
1343 1344 3
2266 2316 5
2447 2448 1
1173 1172 6
305 355 4
489 490 4
2022 2023 7
1573 1623 6
1476 1526 1
716 717 10
2437 2436 3
1098 1148 10
2410 2460 1
1423 1373 8
2080 2079 3
1959 1958 7
46 47 2
1681 1680 10
629 630 1
655 656 10
812 762 7
521 520 10
1663 1613 10
1489 1488 10
1734 1733 8
62 112 4
1437 1487 3
752 802 1
2324 2274 7
335 385 10
1837 1836 5
1466 1467 4
1325 1375 3
2296 2246 6
1692 1691 10
1239 1189 8
1090 1040 7
580 530 2
1326 1327 4
1069 1070 6
121 71 7
490 440 9
2018 2068 9
797 847 6
2288 2289 8
916 917 1
1767 1817 9
1231 1281 6
324 325 1
2319 2269 1
2164 2114 4
931 932 6
935 934 5
1117 1116 1
1210 1209 7
2112 2113 3
2448 2498 10
2254 2204 8
2133 2083 6
602 652 1
2057 2058 1
967 968 5
104 105 3
1560 1559 6
1683 1633 2
504 503 8
397 396 9
1461 1462 9
1544 1494 10
2351 2352 4
17 16 9
2089 2139 4
1223 1224 4
1323 1273 8
114 164 3
2409 2459 8
1760 1710 3
240 239 6
529 530 4
679 680 2
616 566 2
607 608 5
2338 2288 3
1901 1951 2
402 401 5
1365 1364 1
1528 1578 8
2314 2313 2
1421 1471 6
1349 1299 4
2260 2259 3
214 164 9
2492 2491 4
2279 2329 1
1324 1323 8
1978 1977 3
864 865 6
517 467 8
159 109 1
1409 1408 3
2296 2346 3
432 431 3
1429 1428 4
1612 1662 4
986 936 6
2277 2278 8
591 590 2
854 855 1
2176 2177 7
2299 2249 10
1986 1985 6
1418 1419 7
858 859 9
1179 1129 3
2216 2217 7
986 987 3
1370 1369 1
1087 1037 5
714 764 10
993 943 2
427 377 6
703 753 1
1817 1818 5
679 678 2
1501 1451 4
1433 1434 1
1701 1651 9
2248 2298 6
2271 2321 2
1230 1229 8
1310 1260 4
842 792 10
10 60 5
1409 1410 8
191 190 4
146 196 9
1333 1383 10
691 692 8
467 466 1
576 575 9
1893 1892 9
1773 1772 10
97 96 5
1790 1791 3
353 352 4
2316 2315 3
305 255 10
387 388 8
754 704 8
513 463 8
2266 2265 3
1630 1631 4
785 835 5
1778 1728 9
699 698 7
1816 1815 9
1192 1191 8
1607 1606 9
1579 1629 3
1427 1377 9
2277 2327 8
221 171 1
1371 1372 1
1919 1969 7
369 370 3
2088 2087 10
1914 1864 2
148 198 2
643 693 8
671 621 6
2035 1985 3
324 374 2
1749 1748 9
2190 2191 9
2270 2269 3
58 59 5
1711 1661 8
1335 1385 6
2319 2320 7
1506 1505 4
256 255 6
1242 1241 7
470 520 10
2020 2019 8
557 558 5
1620 1570 5
1344 1294 8
1660 1710 2
125 124 7
830 880 10
1276 1277 5
708 758 8
1552 1551 3
1553 1603 5
1856 1906 3
1936 1935 10
1760 1810 1
1714 1713 2
2307 2257 9
1996 2046 10
1644 1594 4
1305 1306 7
1199 1198 4
366 316 8
757 807 10
285 286 5
1404 1403 6
974 973 3
2365 2415 9
1868 1867 9
2145 2195 3
1192 1193 5
1931 1930 7
295 294 3
677 678 7
1467 1517 5
1891 1941 9
832 831 10
1407 1406 8
2078 2128 8
1659 1660 3
1675 1674 9
1691 1690 10
1124 1074 7
194 244 9
1592 1642 8
726 776 10
1596 1597 2
1639 1640 5
569 570 7
2107 2108 10
416 417 9
1635 1636 5
248 298 10
1312 1362 10
1815 1816 7
1064 1063 2
745 744 2
1158 1157 1
670 669 1
1634 1584 5
194 144 8
2274 2273 3
2301 2351 1
2372 2322 1
537 538 2
1419 1420 7
2347 2397 2
749 750 4
519 520 4
1352 1353 1
896 946 2
1145 1095 9
1390 1340 4
4 3 6
1776 1826 8
2416 2366 3
1207 1208 2
566 516 2
1294 1244 5
482 432 7
207 208 1
2218 2168 3
841 791 2
973 1023 6
1256 1206 6
1111 1061 5
211 212 5
2123 2124 9
1660 1659 6
1661 1662 6
1835 1836 2
388 387 5
132 131 8
83 133 10
993 994 6
499 498 4
1671 1670 3
1856 1806 1
1165 1115 3
538 539 7
1218 1217 9
1567 1568 6
464 465 6
764 765 3
2174 2224 8
394 395 7
1022 972 9
2199 2200 2
2116 2066 8
737 687 6
1032 1033 8
2024 1974 3
1480 1479 1
1082 1081 6
871 872 3
1799 1798 8
86 85 5
1888 1887 5
899 898 5
85 135 4
1162 1212 6
738 739 7
1548 1498 5
264 265 8
1859 1909 4
1543 1544 9
2012 2011 4
2247 2197 7
935 885 3
185 186 9
1918 1868 5
968 918 5
1859 1860 3
1046 1045 4
2191 2141 8
991 941 4
2389 2390 10
816 866 3
1067 1117 7
1396 1397 7
128 129 6
439 438 3
1009 1008 2
855 854 9
1736 1737 1
1711 1712 2
2115 2114 2
23 73 6
1483 1533 5
2202 2252 6
2189 2139 4
437 438 9
467 417 3
774 724 5
146 147 10
1140 1139 1
276 226 4
726 727 1
1772 1822 5
1479 1529 6
2326 2327 6
1137 1187 9
314 364 7
883 833 5
982 981 9
1482 1481 3
921 971 4
1753 1803 8
1506 1507 6
1513 1514 9
1725 1724 2
1710 1660 10
1200 1250 4
1182 1232 3
1306 1356 2
848 898 3
1903 1904 9
1757 1756 5
1356 1357 9
70 71 1
1034 1084 9
147 97 3
2440 2390 1
703 704 3
288 338 4
1277 1327 5
1658 1659 7
747 697 8
945 944 7
1871 1870 6
225 226 5
2227 2177 6
2105 2104 6
1499 1500 9
1047 997 2
2037 2038 8
1577 1527 3
848 847 5
1840 1841 10
1797 1847 10
375 376 3
1119 1120 10
1591 1592 4
1910 1911 4
1627 1628 8
750 800 6
645 695 10
25 24 6
1998 1948 6
611 661 9
833 783 8
198 148 9
2149 2099 10
2340 2339 8
904 905 1
2449 2399 8
966 967 1
2183 2133 5
2097 2047 4
677 727 9
1005 1006 3
80 81 9
2244 2243 5
2139 2189 7
1213 1263 6
1541 1591 10
723 673 8
2267 2317 2
2425 2424 7
2062 2112 9
1227 1177 9
1981 1982 2
515 565 8
1030 1029 10
1041 1091 6
1533 1483 6
64 65 6
531 481 9
2402 2403 4
1244 1294 10
1174 1124 4
2490 2489 7
95 96 3
1495 1494 1
2484 2483 6
1545 1495 2
1135 1136 3
1218 1168 5
38 88 7
1317 1267 6
25 75 6
1687 1688 8
904 854 3
1174 1224 2
2258 2257 1
2129 2179 3
2494 2444 4
575 525 5
1166 1165 9
665 615 2
1795 1796 5
1358 1408 1
1943 1942 9
267 217 5
2303 2304 10
396 346 6
1160 1110 4
1636 1586 10
892 942 9
1345 1344 1
1011 961 10
1455 1505 5
786 736 7
1084 1134 8
644 694 1
370 371 7
556 506 1
2352 2353 7
2278 2328 6
981 1031 9
729 779 10
76 75 8
2278 2277 2
2313 2314 6
969 919 10
1695 1645 8
1710 1760 7
1902 1901 2
9 8 3
553 603 2
1216 1217 6
2108 2107 5
1610 1560 5
2308 2258 2
1935 1885 6
1071 1021 3
1571 1572 8
1779 1778 8
1804 1754 10
652 653 6
417 418 1
1269 1270 8
1142 1092 7
51 101 6
1495 1445 5
292 293 7
1576 1575 8
2084 2034 6
449 448 1
2255 2254 7
949 948 7
1839 1838 3
789 839 6
1262 1212 1
428 478 2
1037 1087 3
1823 1873 3
571 621 9
271 270 8
803 853 3
440 439 2
432 382 10
1713 1712 2
476 475 8
1816 1817 3
1162 1161 8
445 395 10
552 602 2
1280 1330 4
880 881 3
817 767 3
1095 1094 8
753 754 9
1267 1268 8
1427 1477 10
1171 1170 7
1870 1820 6
310 309 9
798 848 3
2082 2132 7
649 599 10
29 30 7
736 735 4
2034 2035 7
844 845 4
226 276 9
1298 1297 5
1335 1285 9
2142 2092 5
512 562 5
1378 1379 9
2295 2245 7
1525 1524 9
2286 2287 1
2484 2434 6
1940 1890 4
1414 1415 6
1532 1482 4
1946 1947 7
72 22 10
871 870 5
227 177 2
968 967 6
2238 2239 6
2209 2210 1
321 371 1
838 839 2
26 76 2
44 94 3
808 858 8
705 706 6
131 81 1
2306 2256 1
2491 2441 7
312 362 7
1578 1628 2
593 543 6
2102 2152 4
621 620 4
1445 1446 6
2360 2410 10
1558 1608 5
2159 2209 10
1988 1987 4
360 310 6
1692 1742 3
2239 2189 8
2489 2439 3
2401 2451 9
1021 1071 3
2207 2157 6
651 701 8
271 272 7
2150 2149 6
87 37 2
1656 1606 8
795 794 9
439 489 9
2242 2292 9
604 603 1
2473 2423 7
723 773 10
182 181 10
790 840 2
1917 1967 4
671 672 9
1234 1235 4
759 758 10
868 867 1
778 777 8
1121 1171 4
895 945 1
437 387 10
1171 1221 2
2195 2194 10
2050 2000 4
1035 1036 2
888 938 6
1007 1057 9
1515 1465 5
899 900 8
1043 1042 4
1724 1723 7
1777 1778 1
403 404 2
1050 1100 6
1061 1111 6
1541 1542 7
2465 2466 5
638 688 8
174 173 10
566 567 10
1975 1925 6
468 469 9
1792 1842 7
987 1037 7
1037 987 2
746 696 4
492 542 4
890 840 4
1383 1333 2
1775 1774 6
2065 2015 1
2197 2196 6
1125 1126 1
2218 2219 7
2305 2255 9
434 435 7
2283 2284 3
290 289 1
1299 1249 10
118 68 9
988 987 3
831 881 7
2493 2492 4
469 419 5
1897 1947 6
1999 1949 2
1859 1809 4
1744 1794 4
773 723 6
290 240 5
1946 1896 6
1815 1814 1
421 471 9
1093 1043 2
1649 1648 1
1440 1439 1
1102 1052 6
528 529 3
165 166 4
2100 2150 3
2195 2245 1
2466 2416 2
1954 1904 10
355 405 7
90 91 6
1695 1745 6
1264 1265 3
2339 2340 2
317 318 4
514 564 4
1987 2037 2
1664 1663 6
2489 2490 9
1269 1219 3
673 674 5
66 67 5
2063 2113 5
666 616 6
927 926 1
49 99 9
1605 1555 1
520 519 10
2103 2104 8
1242 1243 5
1463 1462 8
1135 1085 8
3 2 5
1259 1258 1
1100 1099 10
2092 2091 7
1255 1254 9
61 111 9
741 742 4
885 884 10
29 79 2
1025 1075 4
2107 2157 4
1688 1689 3
832 833 1
2248 2249 7
1694 1644 5
684 734 10
436 386 4
2063 2064 3
1263 1264 5
1456 1455 7
248 198 5
893 894 10
653 603 8
2236 2237 9
1268 1267 3
992 942 8
1646 1696 5
2289 2239 8
668 618 6
2165 2115 1
1873 1874 10
1490 1540 8
775 725 10
2232 2231 3
1723 1773 9
580 581 6
1806 1807 3
1078 1028 10
2443 2442 4
2104 2103 4
1369 1419 2
2134 2135 4
1920 1870 8
316 317 6
217 267 6
1083 1033 2
1643 1593 6
1764 1763 4
1064 1065 5
1962 1961 4
771 721 5
1386 1336 4
1547 1548 10
354 304 8
1499 1549 3
1070 1120 5
374 373 5
343 293 2
805 855 6
900 899 6
1956 2006 2
1889 1839 1
370 369 5
2343 2293 9
358 308 7
578 528 8
1545 1544 9
1873 1823 8
748 747 2
526 576 2
1917 1916 9
173 172 10
443 444 1
1847 1846 10
447 497 7
1331 1330 5
227 228 8
1919 1920 2
1998 2048 7
1801 1802 8
2399 2400 1
1878 1879 2
2188 2138 4
39 89 8
1035 1085 2
372 371 10
1123 1122 4
1209 1159 8
975 974 9
284 283 6
650 600 9
177 127 8
95 45 8
1649 1599 4
1090 1089 9
444 494 6
81 131 6
1540 1541 5
1292 1242 10
1788 1787 7
307 357 6
583 582 3
952 953 7
2213 2214 5
1462 1412 2
1729 1679 2
1481 1531 8
1524 1474 6
281 282 10
2085 2086 10
975 976 1
524 574 8
2217 2167 3
1713 1763 1
2400 2450 9
948 998 3
578 628 6
1916 1866 1
1152 1151 9
252 302 2
1589 1539 7
1075 1074 5
1565 1515 6
1919 1869 5
2224 2225 8
497 547 4
197 147 2
1555 1554 10
4 5 2
288 289 1
817 867 10
2048 2047 1
1974 2024 1
510 509 1
646 647 7
1641 1591 6
1324 1374 2
755 705 5
2127 2177 6
277 276 9
933 934 5
702 703 9
1324 1325 1
1403 1453 2
2388 2389 2
1016 966 8
587 537 4
1872 1922 5
866 916 1
741 691 2
2214 2164 3
247 246 9
380 330 2
1678 1677 9
1402 1452 4
1261 1262 4
1039 1040 9
264 214 5
339 340 3
429 379 7
1326 1276 7
139 138 8
174 224 9
771 772 3
910 911 8
2294 2244 9
2094 2095 8
675 625 4
2260 2261 4
651 652 3
1080 1081 9
1049 1050 7
76 77 2
1452 1451 8
1228 1229 6
883 933 10
431 381 3
1697 1696 1
791 841 4
1530 1529 1
2442 2443 3
895 896 9
2463 2462 8
2053 2054 10
94 93 8
762 812 9
2093 2043 5
1921 1971 7
1107 1108 10
988 1038 9
847 848 7
1604 1605 1
1085 1084 10
2119 2169 9
270 320 9
2076 2026 8
1715 1665 10
840 841 2
2152 2102 3
1433 1432 3
1169 1219 4
238 288 1
283 284 5
2060 2010 4
1210 1211 9
1848 1898 2
892 842 6
625 624 7
2282 2283 9
1924 1925 4
142 141 7
462 512 4
2406 2456 1
821 822 7
1630 1629 3
35 36 10
1711 1710 9
1717 1716 1
533 483 8
430 429 9
247 197 7
776 726 10
2405 2455 7
170 171 8
1361 1411 6
660 710 4
1608 1658 2
2451 2401 1
972 973 5
764 814 9
1410 1411 1
1563 1613 6
1495 1496 4
122 123 7
2065 2066 3
1128 1129 3
1328 1329 7
2145 2095 8
1051 1001 9
154 155 5
1684 1634 1
947 897 8
399 349 3
1917 1867 10
1503 1553 3
1636 1635 8
2454 2404 7
1254 1253 7
1708 1658 9
461 411 9
2272 2322 5
28 78 6
243 242 2
903 853 5
55 5 10
804 805 2
411 461 8
1324 1274 9
2006 2056 4
614 664 9
523 522 4
1965 2015 2
2350 2400 6
2231 2232 7
1389 1388 10
18 19 5
1256 1306 5
1954 1955 7
2440 2490 2
184 134 8
466 516 2
1980 2030 1
302 252 7
526 525 5
1291 1292 5
1273 1272 4
187 137 10
958 959 6
2219 2220 9
819 769 9
1792 1791 5
2103 2102 3
2164 2214 9
1779 1780 5
841 891 4
1547 1546 2
418 419 6
1831 1830 10
2170 2220 1
1617 1567 8
22 72 3
971 970 7
728 727 8
83 33 10
1079 1029 10
1024 1074 5
914 915 1
949 950 10
244 294 1
741 740 5
1376 1326 2
2432 2431 5
1790 1840 9
1681 1631 9
109 108 7
870 820 9
234 235 6
2289 2339 1
823 773 6
156 157 2
906 907 3
426 425 5
1389 1339 8
1357 1307 5
1002 1052 6
10 11 7
1060 1059 8
1462 1463 7
2086 2136 1
1502 1501 6
1729 1779 10
593 594 5
465 515 8
2017 1967 8
2132 2133 1
981 980 7
1250 1200 3
335 285 6
924 923 7
2389 2439 4
196 195 5
2364 2414 7
2171 2121 7
765 815 3
370 420 6
717 718 9
285 284 2
338 388 4
608 658 1
1967 1917 5
2230 2229 2
1423 1473 1
1786 1785 2
1023 1024 5
1621 1622 4
1921 1871 4
2338 2339 7
332 382 9
117 167 3
2069 2019 6
1681 1682 9
1240 1239 8
483 484 2
1183 1182 7
1594 1595 4
2045 1995 10
1283 1282 3
2298 2299 2
2456 2406 5
1348 1298 5
1181 1180 5
714 713 8
2179 2180 4
2431 2430 3
2476 2426 5
158 208 5
1643 1644 6
319 269 3
1693 1743 6
232 233 9
1832 1882 9
1635 1685 3
1188 1187 5
390 391 6
1519 1518 7
970 971 6
147 197 9
199 149 7
1314 1364 8
1227 1228 3
1404 1354 7
1501 1502 8
1588 1589 9
197 247 2
2249 2299 3
1737 1687 7
537 536 8
1396 1395 9
554 504 4
628 678 8
1125 1075 6
518 468 5
1812 1811 1
2339 2389 10
1449 1450 8
1652 1653 6
606 607 6
2495 2445 7
686 685 8
855 856 4
2407 2457 7
126 127 5
1931 1881 8
693 643 6
1704 1754 9
554 555 9
24 23 1
836 786 8
1908 1958 7
445 495 6
2378 2377 9
2172 2173 4
1398 1448 9
2424 2474 5
1388 1387 6
220 270 10
874 875 4
600 650 3
1083 1084 4
786 787 7
1607 1657 7
1712 1711 3
1842 1792 10
2341 2342 5
1399 1398 4
356 306 5
1105 1055 3
1901 1851 1
481 482 8
295 345 3
1089 1088 4
1876 1877 5
1554 1555 5
646 645 1
787 788 4
1892 1842 4
1588 1638 9
1475 1525 4
686 736 5
1028 1027 2
281 331 8
1226 1176 5
1303 1302 10
2168 2167 6
1140 1090 8
2347 2346 10
969 1019 6
468 418 10
1700 1650 10
1111 1112 7
2329 2328 7
2425 2426 1
172 122 10
1690 1689 7
2259 2260 6
1996 1997 9
739 689 7
1427 1428 3
1477 1476 9
796 797 2
1785 1786 10
55 56 3
1368 1367 1
1759 1758 6
1690 1640 10
1619 1620 3
2403 2402 7
398 348 5
1045 1046 6
466 467 7
1835 1834 10
323 322 2
2294 2295 6
2102 2052 4
1161 1162 3
585 535 1
2013 1963 5
2236 2286 8
1593 1543 3
2328 2327 3
1137 1136 6
608 609 7
2185 2184 5
1444 1494 1
1236 1237 5
1241 1191 9
1513 1563 8
2379 2429 4
2361 2311 3
2350 2349 9
653 654 7
1841 1891 8
2422 2421 6
1478 1479 7
1268 1318 8
2014 2015 3
331 332 8
1676 1677 3
2065 2115 6
204 203 5
286 285 4
488 489 10
287 337 7
1549 1548 8
1138 1139 8
1272 1222 6
859 809 10
1635 1585 8
2330 2329 2
2200 2250 6
322 321 8
598 648 9
2201 2251 6
1820 1870 8
1781 1831 9
686 687 6
2434 2433 6
1618 1668 7
1516 1515 9
512 462 2
1354 1404 8
2172 2222 6
923 922 1
1528 1478 8
1884 1883 7
2379 2378 8
1273 1223 1
1695 1696 9
2280 2279 3
83 84 4
719 769 4
546 596 8
1336 1335 4
665 664 10
2231 2281 4
612 662 6
1491 1492 2
539 540 3
2236 2186 9
631 681 10
107 108 5
1533 1534 2
1883 1933 7
339 289 7
2266 2216 10
1476 1477 5
1397 1447 4
2246 2196 2
1524 1574 9
1768 1769 9
952 902 1
1439 1438 4
1207 1257 3
1829 1830 2
2237 2238 6
452 453 9
1701 1702 7
1618 1617 1
1744 1743 5
1370 1320 8
1126 1125 4
2025 2075 5
1635 1634 9
149 199 2
1484 1534 10
1045 995 3
2337 2287 4
103 102 4
27 77 2
1341 1291 3
182 132 1
989 990 10
1505 1555 6
903 904 3
1416 1366 5
2047 2097 9
2086 2036 5
2210 2160 7
263 264 3
624 574 5
1853 1903 9
817 818 8
868 918 3
2124 2123 6
107 106 1
1770 1769 7
2043 2044 1
1502 1503 10
1319 1318 6
2461 2460 6
1529 1530 2
253 203 3
2146 2147 7
1235 1236 10
337 336 1
251 301 6
672 671 8
932 931 8
2234 2233 7
505 455 6
959 1009 9
1756 1706 2
2180 2179 4
232 182 1
1417 1367 4
421 371 6
589 590 1
1352 1402 10
2455 2456 2
1442 1492 6
401 402 5
2454 2453 7
327 377 7
190 191 7
990 989 3
544 543 3
946 947 9
389 439 9
330 380 3
649 699 5
2149 2199 6
163 164 8
1113 1063 9
2313 2263 10
2050 2100 8
622 623 2
1186 1187 5
1978 1979 5
1067 1066 1
1258 1257 7
1838 1888 7
395 394 9
1574 1575 4
142 92 8
236 186 4
1747 1748 8
2022 2072 2
1742 1692 1
2438 2388 3
479 429 5
434 384 5
1649 1650 3
1057 1107 2
329 330 6
1970 1969 2
469 468 3
1070 1069 5
1447 1397 10
896 846 9
339 389 7
951 1001 10
2001 2002 7
179 229 9
818 868 10
2343 2342 4
1662 1612 2
127 177 3
1388 1389 7
903 953 3
349 348 9
635 685 4
1424 1423 1
1421 1371 1
2233 2234 4
395 445 4
93 43 2
2161 2160 1
1240 1190 1
2157 2207 10
1542 1592 9
77 27 7
630 629 7
1353 1354 5
2009 1959 3
1118 1117 1
1616 1566 2
1060 1010 1
2112 2111 3
835 834 1
1602 1603 3
288 238 6
2344 2394 1
737 736 4
1956 1957 5
920 870 9
60 110 3
750 700 1
26 25 5
720 721 8
2421 2422 5
1682 1732 8
897 947 3
1868 1918 9
1295 1245 3
924 874 2
1813 1814 1
1671 1721 5
937 987 9
1045 1095 1
1405 1355 10
1818 1768 10
2115 2065 1
876 875 4
2106 2056 2
2113 2112 5
1328 1278 9
392 442 3
2044 2045 8
161 160 5
1411 1410 6
1762 1712 9
609 559 9
496 495 4
2498 2497 4
220 221 5
1456 1406 8
201 202 3
1419 1369 3
12 62 6
1609 1608 2
708 658 4
1875 1876 5
1793 1843 3
1776 1775 4
897 847 8
776 777 5
2000 1999 2
310 260 6
113 163 8
885 886 7
2341 2340 7
1546 1496 4
91 141 3
473 423 6
1942 1992 2
1058 1008 3
1604 1554 1
542 543 6
1247 1197 2
2081 2031 5
2171 2170 10
1277 1227 7
333 383 1
1401 1351 5
1472 1422 2
1589 1588 1
2008 1958 4
1043 1044 10
684 685 1
1092 1142 4
524 525 10
1118 1068 3
2027 2028 6
1977 1927 10
2033 2083 2
1132 1182 10
1475 1425 2
969 968 3
721 671 3
1792 1742 6
1632 1633 7
1878 1928 7
2317 2318 1
276 326 9
1089 1039 10
1621 1571 8
1897 1847 9
136 86 3
30 80 4
1924 1874 2
623 624 8
1550 1549 4
1164 1163 5
1477 1527 1
1580 1530 9
45 44 3
15 65 2
410 360 2
1722 1721 9
2331 2332 7
1637 1636 8
955 954 9
2381 2431 10
2074 2124 1
1384 1434 10
474 473 8
2435 2434 6
2055 2054 9
1264 1314 9
1076 1077 2
88 87 9
1510 1511 6
1772 1773 1
1097 1047 4
2384 2334 10
1741 1740 8
731 681 2
326 376 6
523 473 1
1252 1251 2
2281 2231 1
2366 2416 6
1347 1397 4
2435 2436 3
1702 1752 2
926 927 4
2359 2409 5
132 133 8
2138 2088 10
475 425 1
1320 1370 4
1691 1741 1
1944 1943 7
1854 1853 9
1289 1339 6
1331 1281 3
2265 2266 1
2022 2021 3
1225 1275 10
2279 2278 9
2297 2296 8
2221 2171 6
637 638 1
869 870 7
2059 2060 7
1411 1412 1
230 280 9
319 320 1
1568 1518 5
1803 1753 8
1202 1201 6
2348 2298 2
2050 2049 1
1011 1061 4
121 120 10
327 326 6
613 663 3
1737 1738 2
2184 2134 4
2406 2407 8
1601 1551 7
1506 1556 4
1074 1075 1
570 569 5
1850 1800 10
1746 1696 7
96 146 7
140 139 8
674 624 5
2276 2226 9
1647 1648 1
538 488 3
782 832 4
41 42 1
1224 1225 6
1271 1270 5
2128 2078 3
2394 2393 7
601 651 2
2412 2462 6
1362 1363 9
2393 2343 8
1771 1721 3
2221 2271 10
2257 2307 1
2108 2058 3
1321 1371 8
706 756 1
1764 1814 2
712 713 2
2118 2119 6
1360 1410 2
2106 2156 6
1452 1502 6
503 502 2
509 510 3
1858 1908 7
1382 1432 8
196 146 7
2168 2118 3
836 886 10
2217 2216 7
58 57 5
1936 1937 9
2051 2052 2
1920 1970 8
451 501 1
1035 985 3
2087 2088 7
286 336 5
791 792 1
1088 1087 7
237 287 8
87 137 4
2186 2185 1
2294 2344 7
1312 1313 9
72 122 4
482 483 1
455 454 6
1047 1046 4
1494 1444 9
1589 1639 6
730 680 10
1871 1872 2
373 372 7
1799 1800 3
1727 1726 3
1116 1166 7
1680 1630 8
615 614 5
1518 1468 7
2202 2152 1
2486 2487 5
1634 1635 4
2194 2144 5
1420 1470 2
933 983 10
447 446 4
1062 1012 3
2308 2307 3
1451 1401 3
824 823 7
2106 2107 2
1923 1922 10
761 760 5
1448 1398 7
118 117 4
1566 1565 8
1151 1152 8
217 218 3
2199 2249 8
458 457 7
1480 1530 8
830 780 3
1766 1765 1
1718 1768 6
354 404 8
923 973 4
2197 2147 8
242 292 8
1993 2043 2
364 365 6
509 459 7
464 414 10
1253 1303 1
1569 1619 1
80 130 10
2183 2182 5
1728 1778 2
2443 2393 2
2283 2233 10
378 328 6
1347 1346 9
2331 2381 4
1314 1313 8
359 409 4
1569 1570 7
1314 1315 6
2401 2351 3
1991 1941 1
897 898 7
880 930 7
1257 1207 6
2130 2180 10
2327 2328 1
491 541 10
117 116 2
1478 1477 10
1905 1906 5
960 910 9
1338 1388 5
2137 2138 6
366 365 1
1127 1077 2
2352 2402 1
1538 1539 6
407 406 9
1359 1409 7
1752 1753 2
1774 1775 6
1404 1405 4
325 275 9
1170 1171 7
141 142 3
743 693 7
1183 1184 3
1127 1177 8
1321 1320 9
823 822 3
2190 2189 3
1468 1469 5
695 745 5
119 69 5
2363 2364 8
1703 1753 2
1690 1691 10
704 705 6
26 27 9
1163 1164 1
446 447 6
217 216 3
1453 1454 8
227 226 7
221 271 9
1743 1693 3
1071 1121 2
1325 1275 6
39 38 1
818 817 3
2429 2428 7
1401 1451 8
1570 1569 7
2334 2384 4
2367 2417 10
53 3 4
553 554 8
488 438 10
1411 1361 3
209 259 7
407 408 5
1597 1596 6
524 523 1
1364 1314 10
558 608 8
827 826 10
1077 1076 4
1204 1154 7
1516 1517 6
2074 2073 3
305 306 6
1710 1711 5
1064 1114 5
288 287 5
680 630 8
1434 1384 7
1786 1787 10
1456 1457 4
691 741 7
575 576 5
55 54 5
249 248 7
1502 1552 3
231 181 2
189 190 7
1739 1789 6
898 899 4
1073 1123 1
1625 1575 6
1879 1929 8
1827 1777 2
1011 1012 1
639 689 3
570 571 7
2244 2194 5
690 689 3
142 192 9
1687 1637 1
1889 1939 5
234 233 4
1325 1326 1
162 112 1
609 608 6
1278 1277 10
1205 1255 1
888 889 8
1337 1338 5
54 4 8
2082 2032 9
1832 1833 10
1735 1785 5
767 817 2
1191 1241 9
638 588 6
2251 2252 3
1337 1336 8
1367 1368 5
1160 1161 1
2403 2353 9
1751 1701 10
413 363 7
1985 1984 10
1141 1091 1
2129 2079 8
2273 2272 6
1434 1435 2
358 359 4
2499 2498 4
94 144 6
622 572 10
1339 1340 5
781 831 1
1898 1848 4
2049 2099 8
241 191 5
1116 1115 6
2353 2403 3
1863 1862 2
52 2 1
2160 2210 7
643 642 3
21 71 5
1973 2023 5
662 612 7
1520 1570 7
304 254 8
1235 1185 6
878 877 5
2283 2282 6
1088 1138 2
1023 973 4
1349 1350 4
1377 1327 3
1876 1826 8
160 110 6
1279 1278 6
832 782 2
1563 1562 7
1251 1301 1
1669 1719 2
2187 2237 8
427 426 6
406 407 3
1496 1495 4
2036 2037 10
77 76 10
1843 1793 10
2107 2057 10
900 850 2
2367 2368 3
156 155 3
985 986 5
852 802 1
2337 2338 5
432 433 3
780 781 4
1198 1248 9
507 457 6
2264 2314 1
1242 1192 2
539 538 1
219 218 9
1739 1740 1
433 383 4
2267 2268 5
839 789 8
2041 2042 8
1957 1907 4
84 34 7
2055 2105 3
2445 2395 7
1977 1976 5
2137 2087 6
8 7 6
1208 1258 4
697 698 3
1636 1686 10
771 821 2
74 75 5
2313 2363 3
385 335 2
176 177 7
362 412 6
1655 1654 2
159 158 5
67 66 3
2219 2269 2
1670 1620 1
804 854 5
1965 1966 8
1703 1702 4
791 790 1
2299 2349 9
2109 2108 5
1106 1105 8
161 162 7
1369 1368 9
2494 2493 1
1283 1284 4
2464 2414 6
2077 2076 6
751 801 6
1037 1038 3
1587 1637 2
705 655 1
377 378 5
1176 1175 3
29 28 7
46 45 9
291 290 2
1015 965 7
103 104 3
1735 1685 8
2385 2435 2
2166 2116 7
2360 2359 9
209 208 4
1773 1723 2
2070 2069 4
2113 2114 3
876 877 3
2017 2018 2
650 700 9
2338 2337 6
1549 1499 2
756 755 9
1712 1662 2
85 84 8
1983 2033 1
46 96 1
593 643 4
1994 1995 4
1725 1675 7
2194 2244 1
547 597 7
2048 2098 8
1961 1911 6
602 603 6
1016 1066 10
1097 1098 4
916 915 6
613 614 10
2363 2313 4
11 61 2
1838 1837 10
924 974 8
143 193 6
316 266 9
1082 1083 5
1238 1188 3
396 397 4
65 66 3
1435 1436 10
1187 1137 7
887 888 3
777 776 8
2246 2296 6
1246 1245 4
2078 2079 8
917 967 10
200 199 8
7 57 7
974 924 3
1038 988 1
1259 1260 6
1036 1037 9
1849 1799 9
869 868 2
2169 2219 7
1657 1656 9
1247 1248 1
239 240 9
1217 1167 8
2048 2049 3
1608 1609 8
805 806 2
974 975 10
2318 2268 6
739 789 10
2079 2029 7
1452 1453 5
542 492 1
63 64 2
2142 2192 10
1338 1288 6
653 652 4
2178 2228 1
2447 2446 9
108 107 10
247 248 2
2170 2171 4
1099 1098 7
146 96 9
2163 2164 7
1258 1259 5
1275 1276 1
2069 2068 8
1867 1868 5
456 457 3
2387 2337 6
957 907 3
895 845 5
2023 1973 1
1802 1852 3
2085 2084 5
709 659 2
1036 1086 9
1054 1055 4
59 109 1
1190 1140 3
333 334 10
1917 1918 6
2039 1989 1
263 313 9
1662 1663 1
1120 1121 7
1870 1871 4
73 74 1
375 325 6
679 729 1
175 174 1
1485 1535 1
928 927 7
1206 1207 2
1112 1062 6
706 656 7
783 733 9
1693 1692 10
574 573 4
1152 1153 5
202 152 9
726 725 10
610 660 10
988 938 5
2375 2376 1
2036 1986 9
2353 2303 5
343 393 10
2371 2421 2
2253 2203 7
947 946 8
1747 1746 10
1309 1259 10
1631 1581 10
909 910 5
1142 1141 9
2215 2216 4
275 276 10
1220 1170 1
1596 1595 8
920 970 3
1117 1118 2
2380 2330 7
2188 2187 3
1019 969 7
884 934 8
229 230 2
12 11 3
68 69 4
821 820 5
1974 1924 3
648 598 9
2003 2053 5
1903 1902 8
1129 1179 7
1357 1356 3
676 626 4
690 740 4
668 667 7
1126 1127 3
419 418 2
2434 2384 3
356 357 3
1861 1860 9
456 406 8
1493 1494 4
2180 2181 3
1078 1077 5
330 280 2
1394 1393 3
2472 2473 5
1443 1393 3
455 456 7
1885 1886 4
2232 2282 7
641 640 10
75 76 9
1399 1400 9
1099 1100 4
2386 2436 1
2467 2466 3
607 557 8
379 429 9
856 855 2
2115 2165 4
2284 2334 5
856 857 3
786 785 2
257 258 9
826 825 9
1857 1907 6
1414 1364 3
1746 1745 2
1138 1188 5
701 702 7
2459 2458 10
463 513 4
884 834 1
1337 1387 5
527 528 1
2345 2346 3
148 147 4
688 689 8
1949 1999 2
1939 1989 2
742 741 10
829 779 1
180 181 6
1930 1929 2
1281 1280 2
829 879 7
223 224 8
516 566 7
1606 1656 3
2429 2430 9
656 606 1
1289 1239 5
1486 1436 8
1042 1041 6
588 589 8
1953 2003 4
528 578 9
1152 1102 8
259 258 6
615 565 8
1653 1703 7
494 495 1
1698 1748 4
134 133 5
1765 1715 2
1933 1934 2
696 697 1
2090 2040 7
1222 1272 1
1972 1922 4
452 451 6
2336 2286 1
590 589 4
2079 2078 4
1488 1487 9
1804 1805 4
644 645 6
606 656 7
1866 1916 4
340 390 2
1678 1679 5
1428 1427 4
932 933 2
1959 1909 1
1834 1784 8
169 170 6
2437 2438 3
1970 2020 3
687 688 8
2430 2429 4
1827 1877 8
215 216 6
943 944 6
1143 1093 7
124 125 5
365 315 1
413 463 6
873 872 9
1757 1707 2
1023 1022 8
1862 1812 7
813 863 1
104 54 2
1274 1324 2
1303 1253 2
1206 1256 10
1700 1750 4
995 945 10
917 918 3
564 614 9
296 246 7
378 377 4
1232 1182 5
790 740 2
1797 1796 5
282 283 5
419 369 10
569 519 3
1471 1421 6
734 784 2
108 109 7
955 956 1
1479 1429 1
1574 1524 10
88 138 1
682 683 7
565 566 9
363 362 6
1552 1602 10
114 64 3
1543 1593 7
2005 1955 5
1114 1113 2
672 622 3
882 881 10
376 426 5
1578 1528 3
507 506 3
507 557 1
1593 1594 3
838 837 1
1388 1438 1
2052 2051 6
1577 1576 2
355 354 4
125 75 4
289 239 7
71 21 6
1342 1343 4
920 919 7
9 59 7
788 789 9
864 863 1
448 398 1
1180 1230 2
1263 1262 7
264 314 8
1542 1492 7
1947 1997 6
505 506 10
706 705 9
303 353 3
816 815 6
97 98 10
108 158 2
1651 1701 4
1375 1325 10
1899 1849 2
891 841 8
785 735 8
2195 2145 8
1806 1756 6
1137 1087 3
68 67 3
967 917 1
2128 2178 9
2222 2172 6
374 375 4
115 114 2
2103 2053 2
1716 1717 9
2154 2104 3
745 695 8
1934 1984 4
483 433 3
1558 1508 1
1344 1345 3
625 626 5
564 563 8
2224 2174 3
1565 1564 5
1105 1104 4
2058 2059 2
709 710 9
1059 1109 7
2348 2349 3
2161 2162 6
1385 1335 1
645 644 1
2176 2126 3
2222 2272 10
649 650 7
2256 2257 6
1222 1223 2
623 622 8
1906 1856 3
2294 2293 7
679 629 4
1781 1782 4
1589 1590 7
1408 1358 7
181 231 10
2120 2170 4
780 779 1
636 686 1
306 305 8
872 922 7
532 482 9
458 508 6
2163 2162 8
893 943 7
1974 1973 10
1363 1313 8
52 51 3
1530 1531 10
384 434 6
2161 2211 5
2469 2470 5
1685 1735 5
1029 1079 9
1574 1573 5
350 400 1
522 472 10
2456 2457 5
2270 2320 1
2278 2228 5
1705 1655 5
1248 1298 7
1340 1341 1
1461 1411 1
674 675 6
2016 1966 3
2019 2018 8
2038 2088 9
1633 1583 3
2180 2230 1
2028 2027 7
2099 2049 10
128 78 10
870 871 4
115 116 9
2316 2266 4
1893 1943 4
1517 1567 1
2481 2431 10
357 307 1
969 970 3
1960 1959 2
1709 1710 7
1378 1377 3
1411 1461 2
1876 1926 7
1086 1087 8
126 176 10
1814 1864 3
1719 1718 5
1630 1680 10
1688 1738 8
1062 1061 4
2072 2073 4
269 268 5
2333 2334 10
110 111 9
1487 1488 1
877 827 2
459 458 4
1774 1724 8
1372 1373 7
2476 2475 6
559 560 7
1739 1689 5
1154 1104 3
143 142 7
2159 2158 9
2362 2361 7
1972 1973 2
808 809 5
667 717 9
1126 1076 7
846 845 3
273 272 3
1831 1781 6
15 16 8
2139 2089 3
1260 1310 8
2403 2404 4
1361 1311 10
391 390 9
852 902 6
1928 1878 9
1081 1082 6
505 555 7
1652 1651 9
1843 1844 7
506 505 7
359 360 8
1743 1744 8
341 340 10
2490 2440 7
14 13 2
1524 1523 6
814 815 4
2374 2424 2
839 838 10
2247 2297 10
660 659 3
2478 2477 1
713 763 7
2089 2088 9
137 136 3
568 518 3
1517 1516 2
1005 1055 8
1804 1854 7
2268 2267 6
983 984 6
1086 1085 9
2297 2247 10
722 723 9
2492 2493 7
71 72 6
13 14 8
1858 1808 4
828 778 4
1775 1825 4
965 1015 9
193 194 5
2383 2433 4
1699 1749 3
1767 1768 1
1565 1615 10
551 501 8
1368 1369 5
204 154 1
2170 2120 5
167 166 2
1601 1602 8
1275 1274 4
977 976 2
112 62 1
1249 1250 10
1940 1941 6
890 889 9
1964 2014 8
1293 1294 10
1632 1631 4
1073 1074 2
1341 1340 10
1794 1793 1
104 154 6
722 721 8
1547 1597 4
929 879 1
516 517 2
1981 1980 10
1436 1386 9
207 206 4
2090 2089 10
1784 1834 5
2354 2353 3
699 649 10
607 606 2
267 268 9
1480 1430 10
67 17 1
898 897 1
1206 1156 7
342 392 7
2037 2036 4
2334 2333 4
362 363 7
637 587 7
556 555 3
1305 1355 10
796 795 6
1345 1346 2
582 532 5
1007 957 8
1089 1139 8
2173 2123 3
1665 1664 7
1227 1226 1
1999 1998 7
313 312 3
2214 2215 6
747 748 2
2152 2153 4
2114 2113 1
453 403 6
561 562 6
672 722 10
246 245 1
299 298 6
882 883 9
1608 1607 9
1244 1194 3
1963 1913 3
2328 2278 1
512 511 4
336 335 5
313 363 7
1513 1512 7
1073 1023 1
515 465 7
303 304 6
2230 2280 1
1413 1363 9
229 279 3
1957 2007 7
698 748 4
2220 2270 5
2049 2050 9
115 65 4
1332 1282 9
2166 2216 1
31 32 6
2473 2472 7
410 411 6
1987 1988 1
2399 2398 10
348 298 10
2320 2270 2
1057 1058 2
1387 1388 4
2118 2168 10
913 863 9
1820 1819 3
668 718 6
1582 1632 7
1004 954 5
581 631 7
2123 2122 4
1142 1143 2
1534 1533 2
435 436 8
1670 1720 9
1618 1619 4
1447 1448 8
83 82 3
1172 1173 3
2023 2022 8
1300 1250 4
789 788 1
1783 1782 4
2401 2402 7
1726 1725 8
2082 2083 8
380 379 3
1114 1064 10
2465 2415 7
2291 2241 6
2482 2483 10
790 791 5
88 89 9
1758 1757 6
1182 1183 3
90 140 1
1805 1806 7
1529 1528 10
2354 2355 2
1807 1808 2
2206 2156 10
1981 1931 2
149 99 7
1539 1540 3
1499 1498 4
1931 1981 3
2209 2259 3
102 152 5
1394 1395 2
66 116 9
1431 1381 1
1024 974 4
187 237 4
2414 2413 2
347 297 7
1311 1261 2
1745 1695 1
1595 1594 2
127 128 3
1471 1470 2
1748 1749 10
1529 1579 6
534 535 3
356 406 9
2368 2369 8
2245 2246 6
599 549 1
746 796 1
2376 2426 3
2084 2085 9
1706 1705 1
970 1020 5
2091 2041 5
1640 1690 1
533 534 10
581 531 4
2020 2070 3
2458 2408 7
116 166 2
1347 1348 4
1982 1983 4
2174 2124 2
2117 2167 3
861 860 3
311 312 10
562 612 3
1647 1697 10
1033 1034 5
2342 2343 10
1921 1920 3
1186 1136 6
1624 1674 9
1318 1268 3
1197 1147 3
349 350 6
2420 2370 6
881 882 6
72 73 3
414 413 5
2094 2093 5
61 11 6
1915 1965 2
1390 1389 5
2404 2403 1
1849 1848 5
1628 1629 6
2165 2215 1
1943 1993 3
1504 1454 10
998 1048 4
2069 2070 9
1360 1310 8
2041 2040 1
156 106 10
776 826 6
588 538 1
1225 1175 9
568 567 9
1993 1994 6
1745 1795 9
2075 2074 9
1287 1288 8
2024 2025 1
803 802 3
1418 1417 7
967 1017 5
1432 1482 2
1908 1907 9
59 9 8
2157 2156 8
2194 2193 1
2044 2043 6
787 837 9
1168 1169 9
210 260 3
877 878 10
713 663 3
1719 1769 5
1793 1794 4
439 440 3
1923 1973 4
766 716 1
1083 1133 7
381 382 3
2303 2302 6
2204 2154 4
1905 1904 5
2475 2425 5
397 347 7
1071 1070 3
1523 1473 7
1490 1440 9
2091 2092 6
2456 2455 9
950 949 6
976 975 1
1042 1043 6
1604 1603 6
172 171 8
453 503 4
721 720 2
2228 2227 7
1740 1790 2
2172 2122 4
1754 1753 9
1557 1607 5
1028 1029 2
794 744 7
1809 1859 3
1407 1357 4
2164 2163 1
2040 2041 9
396 446 1
987 937 5
2369 2368 9
367 417 7
772 773 3
191 192 4
32 33 7
2268 2318 6
2 3 4
511 510 10
1352 1351 5
961 1011 4
1937 1887 9
819 820 4
2216 2266 7
1602 1601 5
1880 1930 6
886 936 4
2160 2159 8
1370 1371 8
1587 1537 3
1869 1870 9
1715 1714 10
269 219 7
2177 2227 10
1155 1154 1
1508 1458 8
1576 1577 3
628 578 10
2377 2427 9
1437 1436 6
1328 1327 4
1141 1191 2
383 433 6
441 491 9
2438 2437 1
1862 1861 7
705 755 10
1679 1678 6
159 209 2
1381 1382 1
844 794 10
418 468 8
1116 1066 5
484 434 4
794 795 9
603 602 3
1229 1279 9
2152 2151 8
123 173 1
670 620 3
454 504 5
696 695 8
1191 1192 7
1107 1157 4
1261 1311 6
514 515 8
1705 1706 3
645 646 5
1540 1490 8
1863 1913 10
996 995 6
1092 1091 3
2139 2140 10
767 766 2
2418 2368 5
1266 1265 9
191 141 3
673 623 6
400 450 9
2217 2267 3
1204 1254 6
1734 1684 2
1507 1506 8
2404 2405 1
323 273 4
457 407 9
954 955 10
2035 2085 3
2205 2204 6
282 332 2
2344 2343 8
719 718 8
779 729 7
1414 1413 10
2067 2117 2
1769 1819 10
2118 2117 1
2036 2086 7
1208 1209 10
1415 1465 1
1945 1995 3
958 1008 4
311 310 6
1308 1307 7
2102 2101 5
2492 2442 4
2386 2336 9
511 561 8
1224 1174 5
2477 2476 8
1750 1749 9
1954 2004 4
1422 1421 10
2195 2196 10
1663 1662 1
2335 2336 6
1124 1125 10
1368 1418 4
1425 1424 9
146 145 7
632 631 1
1628 1578 10
1002 1003 1
1372 1371 2
825 875 1
1232 1282 4
2449 2499 9
39 40 10
333 283 6
530 480 7
2398 2348 8
697 747 8
2454 2455 8
584 583 6
811 810 5
270 269 3
1700 1699 9
955 905 1
613 612 10
2347 2348 2
312 311 2
980 1030 6
837 836 4
2461 2462 3
669 668 4
563 562 5
57 56 6
91 41 9
478 479 2
1330 1280 8
1360 1361 2
1180 1179 6
1569 1568 1
1542 1541 9
298 248 9
2383 2382 7
2078 2028 4
929 928 4
1576 1626 5
958 908 2
1345 1295 4
201 151 8
692 693 7
535 534 4
1025 975 7
1634 1684 1
1864 1863 8
2441 2391 9
1733 1734 4
598 548 1
403 453 10
1296 1246 8
836 837 8
1311 1310 9
221 220 10
1952 1951 10
277 327 8
1028 1078 3
697 696 4
260 210 10
1302 1301 4
2072 2022 3
2214 2213 10
1578 1579 1
31 81 10
508 558 4
222 172 2
488 487 7
1775 1725 1
907 906 7
1586 1536 7
1361 1360 10
1247 1246 3
1539 1538 3
869 919 2
2059 2109 3
1705 1755 9
2444 2494 8
2148 2198 9
1233 1183 3
885 835 7
2287 2286 8
60 10 7
1465 1466 5
628 627 3
2262 2263 9
2017 2067 2
1034 1033 5
912 862 2
2184 2183 2
660 610 8
1777 1776 2
1835 1785 9
1763 1813 6
152 102 5
1760 1759 10
2166 2167 3
416 415 2
1466 1416 2
720 719 3
2073 2123 6
381 380 2
833 832 4
1781 1780 1
2151 2152 8
1704 1705 10
1526 1576 2
1445 1495 9
525 575 2
230 180 3
576 626 3
238 237 2
774 824 5
1063 1013 4
536 535 8
495 494 9
2239 2289 1
1056 1106 2
911 912 1
190 240 3
1052 1102 3
2368 2318 5
2494 2495 9
807 857 10
1477 1427 7
1269 1268 9
1504 1503 10
865 866 3
2066 2065 9
1927 1926 10
1643 1642 1
2474 2424 10
1029 1028 4
1187 1237 2
629 579 5
32 82 7
229 179 8
601 551 4
245 195 10
1451 1501 10
908 907 2
808 807 6
2155 2154 7
156 206 6
1910 1960 4
205 206 9
775 774 3
1559 1560 4
590 640 6
2286 2336 9
2219 2218 3
938 988 5
792 842 8
834 835 8
1167 1166 9
1774 1824 9
140 190 10
1892 1893 2
2369 2370 1
1911 1861 5
2032 1982 1
1989 1990 2
1785 1735 4
1829 1779 10
2156 2106 10
1535 1485 10
532 533 6
608 558 9
768 767 7
1288 1338 9
1236 1235 9
2049 1999 8
163 113 1
1024 1025 6
279 278 7
604 605 3
1914 1964 10
473 472 10
2222 2221 7
748 698 8
290 291 8
2395 2396 3
138 88 3
1290 1340 7
1768 1718 4
2013 2014 5
188 138 6
74 24 1
1539 1589 4
1027 977 5
1840 1790 10
573 572 10
211 261 2
2010 2009 7
1150 1149 5
1518 1519 3
2018 2017 6
1609 1610 10
2449 2450 8
2040 2090 3
1372 1322 5
1400 1350 4
941 891 1
47 97 7
462 463 5
2046 2096 2
148 149 9
1590 1591 4
934 884 1
2372 2422 6
794 793 2
971 972 9
314 315 2
954 904 6
764 714 6
1095 1096 2
1342 1292 8
1259 1209 5
935 936 1
188 187 6
1977 2027 10
1132 1082 9
2442 2392 7
999 1049 4
1373 1423 9
1800 1850 4
1195 1245 4
2475 2476 9
487 486 1
2396 2446 6
2077 2078 7
1950 1900 9
507 508 8
2248 2198 7
334 284 9
66 16 5
1428 1429 1
62 61 3
189 188 9
1356 1406 5
1327 1326 6
1474 1473 2
1394 1444 8
2087 2086 6
595 545 9
320 319 7
317 267 2
429 430 6
1420 1421 5
1836 1837 5
101 102 1
2444 2443 6
1583 1584 3
1561 1511 1
1050 1049 10
1937 1987 5
1322 1321 8
358 357 8
1053 1054 10
306 307 8
677 676 8
565 515 8
1747 1797 1
1952 1902 10
839 840 9
1531 1530 7
1247 1297 9
1543 1542 7
684 634 10
1520 1470 4
553 503 1
2021 2022 6
1317 1316 8
1281 1331 3
100 99 6
1566 1516 7
346 396 7
1119 1118 9
258 208 4
85 86 5
2021 1971 10
1005 955 8
998 948 7
950 900 1
2190 2240 2
1237 1238 2
493 492 1
1470 1471 6
1232 1233 5
1371 1321 2
348 347 8
1551 1601 4
372 322 6
1301 1351 9
1229 1228 4
431 430 6
2011 2012 4
2159 2160 4
475 474 5
1637 1587 8
2386 2385 4
32
2222
698
490
387
1489
1297
1427
386
1734
17
42
1345
722
723
854
91
2430
1662
2466
558
720
1541
1138
618
376
1818
497
291
861
1660
570
603
1838
1071
442
1192
1292
466
2142
778
2474
496
943
429
1224
2283
2150
410
2164
1433
1597
838
900
1713
2028
38
2040
1641
2000
1596
832
82
1632
1674
790
229
2375
393
1653
170
1544
588
2076
1906
218
1865
767
2385
2410
1119
2087
1339
2392
1445
718
58
2400
2478
2433
2134
86
1755
704
2020
2322
34
1358
47
1095
1809
872
1148
62
1982
236
368
1337
622
1895
304
1776
1438
1159
1026
419
344
318
2161
1298
565
20
1350
1107
658
2151
1040
1087
241
1877
543
2495
672
1491
2409
1038
2133
2457
401
1266
1291
808
2269
1793
2012
201
760
800
1104
204
2064
1394
473
120
1419
231
1847
2070
1702
1531
1268
1625
2168
782
1978
617
2262
346
2002
1376
2054
1052
1343
2247
459
2455
681
802
1612
1964
2367
208
774
366
214
1921
1244
322
1613
349
1301
2200
1948
934
955
1592
1751
1606
1341
73
2207
1805
2188
391
510
176
1629
1588
1465
1094
440
1330
814
335
2063
1668
1396
1857
1043
1824
1747
2443
1731
358
1652
740
1486
1504
53
503
2162
797
136
665
1603
1176
1123
727
1703
134
2388
1936
175
1315
2096
232
2468
1795
1933
458
1397
1608
1914
2316
377
2129
1230
470
2393
625